data,area,totale,m,f,d,N1,N2,ISTAT,reg
2023-10-12,CAL,12,5,7,12,ITF,ITF6,18,Calabria
2023-10-19,CAL,23,12,11,23,ITF,ITF6,18,Calabria
2023-10-25,CAL,25,15,10,25,ITF,ITF6,18,Calabria
2023-10-28,CAL,12,7,5,12,ITF,ITF6,18,Calabria
2023-11-04,CAL,40,21,19,40,ITF,ITF6,18,Calabria
2023-11-07,CAL,109,65,44,109,ITF,ITF6,18,Calabria
2023-11-10,CAL,60,28,32,60,ITF,ITF6,18,Calabria
2023-09-29,CAM,11,6,5,11,ITF,ITF3,15,Campania
2023-10-02,CAM,4,3,1,4,ITF,ITF3,15,Campania
2023-10-05,CAM,40,24,16,40,ITF,ITF3,15,Campania
2023-10-12,CAM,232,130,102,232,ITF,ITF3,15,Campania
2023-10-15,CAM,12,5,7,12,ITF,ITF3,15,Campania
2023-10-18,CAM,341,195,146,341,ITF,ITF3,15,Campania
2023-10-21,CAM,44,24,20,44,ITF,ITF3,15,Campania
2023-10-28,CAM,77,42,35,77,ITF,ITF3,15,Campania
2023-10-31,CAM,123,56,67,123,ITF,ITF3,15,Campania
2023-11-03,CAM,346,198,148,346,ITF,ITF3,15,Campania
2023-11-10,CAM,324,184,140,324,ITF,ITF3,15,Campania
2023-11-13,CAM,320,174,146,320,ITF,ITF3,15,Campania
2023-09-26,EMR,6,5,1,6,ITH,ITH5,8,Emilia-Romagna
2023-09-29,EMR,8,6,2,8,ITH,ITH5,8,Emilia-Romagna
2023-10-02,EMR,3,1,2,3,ITH,ITH5,8,Emilia-Romagna
2023-10-09,EMR,2,1,1,2,ITH,ITH5,8,Emilia-Romagna
2023-10-12,EMR,72,35,37,72,ITH,ITH5,8,Emilia-Romagna
2023-10-18,EMR,1900,914,986,1900,ITH,ITH5,8,Emilia-Romagna
2023-10-25,EMR,4680,2213,2467,4680,ITH,ITH5,8,Emilia-Romagna
2023-10-28,EMR,2084,1002,1082,2084,ITH,ITH5,8,Emilia-Romagna
2023-10-31,EMR,4741,2205,2536,4741,ITH,ITH5,8,Emilia-Romagna
2023-11-07,EMR,6443,2988,3455,6443,ITH,ITH5,8,Emilia-Romagna
2023-11-10,EMR,7638,3744,3894,7638,ITH,ITH5,8,Emilia-Romagna
2023-11-13,EMR,3123,1504,1619,3123,ITH,ITH5,8,Emilia-Romagna
2023-09-26,FVG,3,2,1,3,ITH,ITH4,6,Friuli-Venezia Giulia
2023-09-29,FVG,8,5,3,8,ITH,ITH4,6,Friuli-Venezia Giulia
2023-10-02,FVG,30,18,12,30,ITH,ITH4,6,Friuli-Venezia Giulia
2023-10-05,FVG,50,24,26,50,ITH,ITH4,6,Friuli-Venezia Giulia
2023-10-12,FVG,63,40,23,63,ITH,ITH4,6,Friuli-Venezia Giulia
2023-10-18,FVG,144,79,65,144,ITH,ITH4,6,Friuli-Venezia Giulia
2023-10-21,FVG,100,43,57,100,ITH,ITH4,6,Friuli-Venezia Giulia
2023-10-28,FVG,425,228,197,425,ITH,ITH4,6,Friuli-Venezia Giulia
2023-10-31,FVG,1059,502,557,1059,ITH,ITH4,6,Friuli-Venezia Giulia
2023-11-03,FVG,651,337,314,651,ITH,ITH4,6,Friuli-Venezia Giulia
2023-11-06,FVG,940,414,526,940,ITH,ITH4,6,Friuli-Venezia Giulia
2023-11-13,FVG,710,352,358,710,ITH,ITH4,6,Friuli-Venezia Giulia
2023-09-25,LAZ,1,0,1,1,ITI,ITI4,12,Lazio
2023-09-28,LAZ,4,3,1,4,ITI,ITI4,12,Lazio
2023-10-05,LAZ,48,24,24,48,ITI,ITI4,12,Lazio
2023-10-11,LAZ,155,89,66,155,ITI,ITI4,12,Lazio
2023-10-14,LAZ,13,8,5,13,ITI,ITI4,12,Lazio
2023-10-21,LAZ,441,217,224,441,ITI,ITI4,12,Lazio
2023-10-24,LAZ,972,501,471,972,ITI,ITI4,12,Lazio
2023-10-27,LAZ,1331,667,664,1331,ITI,ITI4,12,Lazio
2023-11-03,LAZ,1608,814,794,1608,ITI,ITI4,12,Lazio
2023-11-06,LAZ,1364,684,680,1364,ITI,ITI4,12,Lazio
2023-11-09,LAZ,1910,920,990,1910,ITI,ITI4,12,Lazio
2023-11-12,LAZ,185,85,100,185,ITI,ITI4,12,Lazio
2023-09-28,LIG,6,4,2,6,ITC,ITC3,7,Liguria
2023-10-05,LIG,61,18,43,61,ITC,ITC3,7,Liguria
2023-10-11,LIG,53,14,39,53,ITC,ITC3,7,Liguria
2023-10-24,LIG,834,347,487,834,ITC,ITC3,7,Liguria
2023-10-27,LIG,521,240,281,521,ITC,ITC3,7,Liguria
2023-10-30,LIG,376,201,175,376,ITC,ITC3,7,Liguria
2023-11-06,LIG,474,239,235,474,ITC,ITC3,7,Liguria
2023-11-09,LIG,944,475,469,944,ITC,ITC3,7,Liguria
2023-09-28,LOM,121,61,60,121,ITC,ITC4,3,Lombardia
2023-10-01,LOM,2772,1464,1308,2772,ITC,ITC4,3,Lombardia
2023-10-04,LOM,287,138,149,287,ITC,ITC4,3,Lombardia
2023-10-11,LOM,451,173,278,451,ITC,ITC4,3,Lombardia
2023-11-07,BAS,18,13,5,18,ITF,ITF5,17,Basilicata
2023-10-18,CAL,12,9,3,12,ITF,ITF6,18,Calabria
2023-10-21,CAL,13,9,4,13,ITF,ITF6,18,Calabria
2023-10-24,CAL,45,28,17,45,ITF,ITF6,18,Calabria
2023-10-31,CAL,24,11,13,24,ITF,ITF6,18,Calabria
2023-11-03,CAL,37,20,17,37,ITF,ITF6,18,Calabria
2023-11-06,CAL,40,25,15,40,ITF,ITF6,18,Calabria
2023-11-13,CAL,61,36,25,61,ITF,ITF6,18,Calabria
2023-10-03,CAM,29,18,11,29,ITF,ITF3,15,Campania
2023-10-06,CAM,28,15,13,28,ITF,ITF3,15,Campania
2023-10-09,CAM,59,36,23,59,ITF,ITF3,15,Campania
2023-10-16,CAM,169,96,73,169,ITF,ITF3,15,Campania
2023-10-19,CAM,298,169,129,298,ITF,ITF3,15,Campania
2023-10-22,CAM,3,1,2,3,ITF,ITF3,15,Campania
2023-10-25,CAM,301,178,123,301,ITF,ITF3,15,Campania
2023-11-01,CAM,21,10,11,21,ITF,ITF3,15,Campania
2023-11-04,CAM,89,50,39,89,ITF,ITF3,15,Campania
2023-11-07,CAM,329,193,136,329,ITF,ITF3,15,Campania
2023-09-27,EMR,22,15,7,22,ITH,ITH5,8,Emilia-Romagna
2023-10-03,EMR,4,3,1,4,ITH,ITH5,8,Emilia-Romagna
2023-10-06,EMR,2,1,1,2,ITH,ITH5,8,Emilia-Romagna
2023-10-13,EMR,96,36,60,96,ITH,ITH5,8,Emilia-Romagna
2023-10-16,EMR,846,364,482,846,ITH,ITH5,8,Emilia-Romagna
2023-10-19,EMR,2125,1047,1078,2125,ITH,ITH5,8,Emilia-Romagna
2023-10-22,EMR,108,52,56,108,ITH,ITH5,8,Emilia-Romagna
2023-10-26,EMR,4567,2164,2403,4567,ITH,ITH5,8,Emilia-Romagna
2023-10-29,EMR,333,170,163,333,ITH,ITH5,8,Emilia-Romagna
2023-11-01,EMR,251,97,154,251,ITH,ITH5,8,Emilia-Romagna
2023-11-04,EMR,3313,1621,1692,3313,ITH,ITH5,8,Emilia-Romagna
2023-11-11,EMR,3331,1604,1727,3331,ITH,ITH5,8,Emilia-Romagna
2023-09-28,FVG,7,4,3,7,ITH,ITH4,6,Friuli-Venezia Giulia
2023-10-11,FVG,90,44,46,90,ITH,ITH4,6,Friuli-Venezia Giulia
2023-10-17,FVG,422,215,207,422,ITH,ITH4,6,Friuli-Venezia Giulia
2023-10-24,FVG,658,340,318,658,ITH,ITH4,6,Friuli-Venezia Giulia
2023-10-27,FVG,916,457,459,916,ITH,ITH4,6,Friuli-Venezia Giulia
2023-10-30,FVG,534,275,259,534,ITH,ITH4,6,Friuli-Venezia Giulia
2023-11-02,FVG,676,344,332,676,ITH,ITH4,6,Friuli-Venezia Giulia
2023-11-09,FVG,1276,581,695,1276,ITH,ITH4,6,Friuli-Venezia Giulia
2023-11-12,FVG,12,4,8,12,ITH,ITH4,6,Friuli-Venezia Giulia
2023-09-29,LAZ,3,2,1,3,ITI,ITI4,12,Lazio
2023-10-02,LAZ,18,8,10,18,ITI,ITI4,12,Lazio
2023-10-09,LAZ,131,82,49,131,ITI,ITI4,12,Lazio
2023-10-12,LAZ,143,76,67,143,ITI,ITI4,12,Lazio
2023-10-15,LAZ,61,26,35,61,ITI,ITI4,12,Lazio
2023-10-18,LAZ,489,251,238,489,ITI,ITI4,12,Lazio
2023-10-25,LAZ,917,450,467,917,ITI,ITI4,12,Lazio
2023-10-28,LAZ,715,347,368,715,ITI,ITI4,12,Lazio
2023-10-31,LAZ,1348,669,679,1348,ITI,ITI4,12,Lazio
2023-11-07,LAZ,1991,968,1023,1991,ITI,ITI4,12,Lazio
2023-11-10,LAZ,2188,1052,1136,2188,ITI,ITI4,12,Lazio
2023-11-13,LAZ,1346,709,637,1346,ITI,ITI4,12,Lazio
2023-09-27,LIG,6,2,4,6,ITC,ITC3,7,Liguria
2023-10-04,LIG,12,4,8,12,ITC,ITC3,7,Liguria
2023-10-10,LIG,7,3,4,7,ITC,ITC3,7,Liguria
2023-10-17,LIG,255,126,129,255,ITC,ITC3,7,Liguria
2023-10-20,LIG,84,33,51,84,ITC,ITC3,7,Liguria
2023-10-23,LIG,290,145,145,290,ITC,ITC3,7,Liguria
2023-10-26,LIG,781,382,399,781,ITC,ITC3,7,Liguria
2023-11-02,LIG,783,391,392,783,ITC,ITC3,7,Liguria
2023-11-08,LIG,878,439,439,878,ITC,ITC3,7,Liguria
2023-11-11,LIG,158,69,89,158,ITC,ITC3,7,Liguria
2023-09-27,LOM,104,55,49,104,ITC,ITC4,3,Lombardia
2023-09-30,LOM,20,12,8,20,ITC,ITC4,3,Lombardia
2023-10-03,LOM,179,80,99,179,ITC,ITC4,3,Lombardia
2023-10-07,LOM,4,2,2,4,ITC,ITC4,3,Lombardia
2023-10-10,LOM,583,257,326,583,ITC,ITC4,3,Lombardia
2023-10-13,LOM,519,203,316,519,ITC,ITC4,3,Lombardia
2023-10-13,CAL,6,4,2,6,ITF,ITF6,18,Calabria
2023-10-16,CAL,17,11,6,17,ITF,ITF6,18,Calabria
2023-10-23,CAL,17,12,5,17,ITF,ITF6,18,Calabria
2023-10-26,CAL,15,7,8,15,ITF,ITF6,18,Calabria
2023-11-08,CAL,84,58,26,84,ITF,ITF6,18,Calabria
2023-11-11,CAL,38,19,19,38,ITF,ITF6,18,Calabria
2023-09-25,CAM,4,1,3,4,ITF,ITF3,15,Campania
2023-10-11,CAM,174,95,79,174,ITF,ITF3,15,Campania
2023-10-14,CAM,41,15,26,41,ITF,ITF3,15,Campania
2023-10-17,CAM,313,180,133,313,ITF,ITF3,15,Campania
2023-10-24,CAM,353,199,154,353,ITF,ITF3,15,Campania
2023-10-27,CAM,279,148,131,279,ITF,ITF3,15,Campania
2023-10-30,CAM,364,212,152,364,ITF,ITF3,15,Campania
2023-11-02,CAM,283,143,140,283,ITF,ITF3,15,Campania
2023-11-06,CAM,333,194,139,333,ITF,ITF3,15,Campania
2023-11-09,CAM,407,227,180,407,ITF,ITF3,15,Campania
2023-11-12,CAM,3,2,1,3,ITF,ITF3,15,Campania
2023-09-25,EMR,15,5,10,15,ITH,ITH5,8,Emilia-Romagna
2023-09-28,EMR,10,6,4,10,ITH,ITH5,8,Emilia-Romagna
2023-10-05,EMR,5,2,3,5,ITH,ITH5,8,Emilia-Romagna
2023-10-11,EMR,55,23,32,55,ITH,ITH5,8,Emilia-Romagna
2023-10-14,EMR,11,3,8,11,ITH,ITH5,8,Emilia-Romagna
2023-10-21,EMR,1111,546,565,1111,ITH,ITH5,8,Emilia-Romagna
2023-10-24,EMR,3861,1829,2032,3861,ITH,ITH5,8,Emilia-Romagna
2023-10-27,EMR,5199,2481,2718,5199,ITH,ITH5,8,Emilia-Romagna
2023-11-03,EMR,5949,2829,3120,5949,ITH,ITH5,8,Emilia-Romagna
2023-11-06,EMR,4141,1911,2230,4141,ITH,ITH5,8,Emilia-Romagna
2023-11-09,EMR,7606,3712,3894,7606,ITH,ITH5,8,Emilia-Romagna
2023-11-12,EMR,835,401,434,835,ITH,ITH5,8,Emilia-Romagna
2023-10-03,FVG,12,6,6,12,ITH,ITH4,6,Friuli-Venezia Giulia
2023-10-06,FVG,163,88,75,163,ITH,ITH4,6,Friuli-Venezia Giulia
2023-10-09,FVG,48,26,22,48,ITH,ITH4,6,Friuli-Venezia Giulia
2023-10-16,FVG,136,72,64,136,ITH,ITH4,6,Friuli-Venezia Giulia
2023-10-19,FVG,321,153,168,321,ITH,ITH4,6,Friuli-Venezia Giulia
2023-10-25,FVG,706,339,367,706,ITH,ITH4,6,Friuli-Venezia Giulia
2023-11-01,FVG,25,10,15,25,ITH,ITH4,6,Friuli-Venezia Giulia
2023-11-04,FVG,157,75,82,157,ITH,ITH4,6,Friuli-Venezia Giulia
2023-11-07,FVG,1176,565,611,1176,ITH,ITH4,6,Friuli-Venezia Giulia
2023-11-10,FVG,1023,483,540,1023,ITH,ITH4,6,Friuli-Venezia Giulia
2023-10-04,LAZ,16,9,7,16,ITI,ITI4,12,Lazio
2023-10-10,LAZ,200,114,86,200,ITI,ITI4,12,Lazio
2023-10-17,LAZ,427,230,197,427,ITI,ITI4,12,Lazio
2023-10-20,LAZ,743,373,370,743,ITI,ITI4,12,Lazio
2023-10-23,LAZ,550,254,296,550,ITI,ITI4,12,Lazio
2023-10-30,LAZ,867,428,439,867,ITI,ITI4,12,Lazio
2023-11-02,LAZ,1201,561,640,1201,ITI,ITI4,12,Lazio
2023-11-05,LAZ,62,21,41,62,ITI,ITI4,12,Lazio
2023-11-08,LAZ,1821,878,943,1821,ITI,ITI4,12,Lazio
2023-09-26,LIG,11,6,5,11,ITC,ITC3,7,Liguria
2023-09-29,LIG,91,30,61,91,ITC,ITC3,7,Liguria
2023-10-09,LIG,32,10,22,32,ITC,ITC3,7,Liguria
2023-10-12,LIG,127,49,78,127,ITC,ITC3,7,Liguria
2023-10-18,LIG,225,89,136,225,ITC,ITC3,7,Liguria
2023-10-25,LIG,624,294,330,624,ITC,ITC3,7,Liguria
2023-10-28,LIG,102,40,62,102,ITC,ITC3,7,Liguria
2023-10-31,LIG,1043,475,568,1043,ITC,ITC3,7,Liguria
2023-11-03,LIG,656,338,318,656,ITC,ITC3,7,Liguria
2023-11-10,LIG,672,362,310,672,ITC,ITC3,7,Liguria
2023-11-13,LIG,221,113,108,221,ITC,ITC3,7,Liguria
2023-09-25,LOM,80,48,32,80,ITC,ITC4,3,Lombardia
2023-10-02,LOM,159,74,85,159,ITC,ITC4,3,Lombardia
2023-10-05,LOM,364,193,171,364,ITC,ITC4,3,Lombardia
2023-10-15,LOM,3,2,1,3,ITC,ITC4,3,Lombardia
2023-10-18,LOM,5731,2893,2838,5731,ITC,ITC4,3,Lombardia
2023-10-21,LOM,3428,1732,1696,3428,ITC,ITC4,3,Lombardia
2023-10-24,LOM,9025,4437,4588,9025,ITC,ITC4,3,Lombardia
2023-10-31,LOM,4595,2098,2497,4595,ITC,ITC4,3,Lombardia
2023-11-06,BAS,5,3,2,5,ITF,ITF5,17,Basilicata
2023-09-28,CAL,1,1,0,1,ITF,ITF6,18,Calabria
2023-10-17,CAL,7,2,5,7,ITF,ITF6,18,Calabria
2023-10-20,CAL,6,4,2,6,ITF,ITF6,18,Calabria
2023-10-27,CAL,70,36,34,70,ITF,ITF6,18,Calabria
2023-10-30,CAL,59,30,29,59,ITF,ITF6,18,Calabria
2023-11-02,CAL,40,14,26,40,ITF,ITF6,18,Calabria
2023-11-09,CAL,110,59,51,110,ITF,ITF6,18,Calabria
2023-11-12,CAL,6,0,6,6,ITF,ITF6,18,Calabria
2023-09-27,CAM,2,0,2,2,ITF,ITF3,15,Campania
2023-10-04,CAM,30,20,10,30,ITF,ITF3,15,Campania
2023-10-10,CAM,64,39,25,64,ITF,ITF3,15,Campania
2023-10-13,CAM,127,61,66,127,ITF,ITF3,15,Campania
2023-10-20,CAM,186,101,85,186,ITF,ITF3,15,Campania
2023-10-23,CAM,306,168,138,306,ITF,ITF3,15,Campania
2023-10-26,CAM,402,225,177,402,ITF,ITF3,15,Campania
2023-10-29,CAM,2,0,2,2,ITF,ITF3,15,Campania
2023-11-08,CAM,406,227,179,406,ITF,ITF3,15,Campania
2023-11-11,CAM,94,57,37,94,ITF,ITF3,15,Campania
2023-10-04,EMR,5,3,2,5,ITH,ITH5,8,Emilia-Romagna
2023-10-10,EMR,1,0,1,1,ITH,ITH5,8,Emilia-Romagna
2023-10-17,EMR,1309,628,681,1309,ITH,ITH5,8,Emilia-Romagna
2023-10-20,EMR,2474,1195,1279,2474,ITH,ITH5,8,Emilia-Romagna
2023-10-23,EMR,2480,1248,1232,2480,ITH,ITH5,8,Emilia-Romagna
2023-10-30,EMR,3508,1621,1887,3508,ITH,ITH5,8,Emilia-Romagna
2023-11-02,EMR,4185,1996,2189,4185,ITH,ITH5,8,Emilia-Romagna
2023-11-05,EMR,442,226,216,442,ITH,ITH5,8,Emilia-Romagna
2023-11-08,EMR,7170,3327,3843,7170,ITH,ITH5,8,Emilia-Romagna
2023-09-27,FVG,5,2,3,5,ITH,ITH4,6,Friuli-Venezia Giulia
2023-10-04,FVG,46,25,21,46,ITH,ITH4,6,Friuli-Venezia Giulia
2023-10-10,FVG,54,27,27,54,ITH,ITH4,6,Friuli-Venezia Giulia
2023-10-13,FVG,40,18,22,40,ITH,ITH4,6,Friuli-Venezia Giulia
2023-10-20,FVG,568,289,279,568,ITH,ITH4,6,Friuli-Venezia Giulia
2023-10-23,FVG,333,168,165,333,ITH,ITH4,6,Friuli-Venezia Giulia
2023-10-26,FVG,850,422,428,850,ITH,ITH4,6,Friuli-Venezia Giulia
2023-10-29,FVG,9,4,5,9,ITH,ITH4,6,Friuli-Venezia Giulia
2023-11-05,FVG,11,7,4,11,ITH,ITH4,6,Friuli-Venezia Giulia
2023-11-08,FVG,950,460,490,950,ITH,ITH4,6,Friuli-Venezia Giulia
2023-11-11,FVG,670,315,355,670,ITH,ITH4,6,Friuli-Venezia Giulia
2023-09-27,LAZ,1,1,0,1,ITI,ITI4,12,Lazio
2023-10-03,LAZ,58,29,29,58,ITI,ITI4,12,Lazio
2023-10-06,LAZ,69,40,29,69,ITI,ITI4,12,Lazio
2023-10-13,LAZ,249,120,129,249,ITI,ITI4,12,Lazio
2023-10-16,LAZ,332,167,165,332,ITI,ITI4,12,Lazio
2023-10-19,LAZ,356,166,190,356,ITI,ITI4,12,Lazio
2023-10-22,LAZ,42,21,21,42,ITI,ITI4,12,Lazio
2023-10-26,LAZ,811,396,415,811,ITI,ITI4,12,Lazio
2023-10-29,LAZ,26,11,15,26,ITI,ITI4,12,Lazio
2023-11-01,LAZ,25,11,14,25,ITI,ITI4,12,Lazio
2023-11-04,LAZ,722,369,353,722,ITI,ITI4,12,Lazio
2023-11-11,LAZ,660,315,345,660,ITI,ITI4,12,Lazio
2023-10-03,LIG,30,14,16,30,ITC,ITC3,7,Liguria
2023-10-06,LIG,62,22,40,62,ITC,ITC3,7,Liguria
2023-10-13,LIG,56,18,38,56,ITC,ITC3,7,Liguria
2023-10-16,LIG,77,26,51,77,ITC,ITC3,7,Liguria
2023-10-19,LIG,171,81,90,171,ITC,ITC3,7,Liguria
2023-11-01,LIG,5,1,4,5,ITC,ITC3,7,Liguria
2023-11-04,LIG,127,60,67,127,ITC,ITC3,7,Liguria
2023-11-07,LIG,1580,815,765,1580,ITC,ITC3,7,Liguria
2023-09-26,LOM,51,29,22,51,ITC,ITC4,3,Lombardia
2023-09-29,LOM,66,42,24,66,ITC,ITC4,3,Lombardia
2023-10-06,LOM,240,99,141,240,ITC,ITC4,3,Lombardia
2023-10-09,LOM,380,153,227,380,ITC,ITC4,3,Lombardia
2023-10-12,LOM,563,245,318,563,ITC,ITC4,3,Lombardia
2023-10-19,LOM,6047,2994,3053,6047,ITC,ITC4,3,Lombardia
2023-10-22,LOM,381,190,191,381,ITC,ITC4,3,Lombardia
2023-10-25,LOM,9618,4594,5024,9618,ITC,ITC4,3,Lombardia
2023-10-16,LOM,4575,2410,2165,4575,ITC,ITC4,3,Lombardia
2023-10-23,LOM,7475,3727,3748,7475,ITC,ITC4,3,Lombardia
2023-10-26,LOM,9850,4693,5157,9850,ITC,ITC4,3,Lombardia
2023-10-29,LOM,636,314,322,636,ITC,ITC4,3,Lombardia
2023-11-01,LOM,1214,547,667,1214,ITC,ITC4,3,Lombardia
2023-11-08,LOM,11272,5170,6102,11272,ITC,ITC4,3,Lombardia
2023-11-11,LOM,5862,2806,3056,5862,ITC,ITC4,3,Lombardia
2023-10-06,MAR,6,4,2,6,ITI,ITI3,11,Marche
2023-10-09,MAR,14,5,9,14,ITI,ITI3,11,Marche
2023-10-12,MAR,87,47,40,87,ITI,ITI3,11,Marche
2023-10-19,MAR,377,179,198,377,ITI,ITI3,11,Marche
2023-10-22,MAR,55,30,25,55,ITI,ITI3,11,Marche
2023-10-25,MAR,563,281,282,563,ITI,ITI3,11,Marche
2023-10-28,MAR,755,388,367,755,ITI,ITI3,11,Marche
2023-11-04,MAR,401,188,213,401,ITI,ITI3,11,Marche
2023-11-07,MAR,781,375,406,781,ITI,ITI3,11,Marche
2023-11-10,MAR,945,485,460,945,ITI,ITI3,11,Marche
2023-09-27,MOL,12,7,5,12,ITF,ITF2,14,Molise
2023-10-13,MOL,9,7,2,9,ITF,ITF2,14,Molise
2023-10-19,MOL,55,18,37,55,ITF,ITF2,14,Molise
2023-10-26,MOL,9,4,5,9,ITF,ITF2,14,Molise
2023-11-11,MOL,38,5,33,38,ITF,ITF2,14,Molise
2023-10-10,PAB,439,249,190,439,ITH,ITH1,4,Provincia Autonoma Bolzano / Bozen
2023-10-13,PAB,243,126,117,243,ITH,ITH1,4,Provincia Autonoma Bolzano / Bozen
2023-10-16,PAB,154,76,78,154,ITH,ITH1,4,Provincia Autonoma Bolzano / Bozen
2023-10-19,PAB,789,387,402,789,ITH,ITH1,4,Provincia Autonoma Bolzano / Bozen
2023-10-26,PAB,786,394,392,786,ITH,ITH1,4,Provincia Autonoma Bolzano / Bozen
2023-10-29,PAB,1,0,1,1,ITH,ITH1,4,Provincia Autonoma Bolzano / Bozen
2023-11-01,PAB,1,0,1,1,ITH,ITH1,4,Provincia Autonoma Bolzano / Bozen
2023-11-08,PAB,520,275,245,520,ITH,ITH1,4,Provincia Autonoma Bolzano / Bozen
2023-11-11,PAB,36,17,19,36,ITH,ITH1,4,Provincia Autonoma Bolzano / Bozen
2023-09-25,PAT,11,8,3,11,ITH,ITH2,4,Provincia Autonoma Trento
2023-10-11,PAT,1,1,0,1,ITH,ITH2,4,Provincia Autonoma Trento
2023-10-18,PAT,246,129,117,246,ITH,ITH2,4,Provincia Autonoma Trento
2023-10-21,PAT,65,35,30,65,ITH,ITH2,4,Provincia Autonoma Trento
2023-10-24,PAT,579,262,317,579,ITH,ITH2,4,Provincia Autonoma Trento
2023-10-27,PAT,426,191,235,426,ITH,ITH2,4,Provincia Autonoma Trento
2023-11-03,PAT,356,172,184,356,ITH,ITH2,4,Provincia Autonoma Trento
2023-11-06,PAT,418,204,214,418,ITH,ITH2,4,Provincia Autonoma Trento
2023-11-09,PAT,744,391,353,744,ITH,ITH2,4,Provincia Autonoma Trento
2023-09-29,PIE,1,0,1,1,ITC,ITC1,1,Piemonte
2023-10-02,PIE,8,5,3,8,ITC,ITC1,1,Piemonte
2023-10-05,PIE,14,9,5,14,ITC,ITC1,1,Piemonte
2023-10-18,PIE,419,219,200,419,ITC,ITC1,1,Piemonte
2023-10-21,PIE,339,180,159,339,ITC,ITC1,1,Piemonte
2023-10-28,PIE,905,454,451,905,ITC,ITC1,1,Piemonte
2023-10-31,PIE,1552,754,798,1552,ITC,ITC1,1,Piemonte
2023-11-03,PIE,2393,1202,1191,2393,ITC,ITC1,1,Piemonte
2023-11-06,PIE,1614,804,810,1614,ITC,ITC1,1,Piemonte
2023-11-13,PIE,1677,773,904,1677,ITC,ITC1,1,Piemonte
2023-10-18,PUG,438,237,201,438,ITF,ITF4,16,Puglia
2023-10-21,PUG,213,96,117,213,ITF,ITF4,16,Puglia
2023-10-24,PUG,1065,564,501,1065,ITF,ITF4,16,Puglia
2023-10-31,PUG,837,435,402,837,ITF,ITF4,16,Puglia
2023-11-03,PUG,1560,806,754,1560,ITF,ITF4,16,Puglia
2023-11-06,PUG,1039,545,494,1039,ITF,ITF4,16,Puglia
2023-11-09,PUG,1392,728,664,1392,ITF,ITF4,16,Puglia
2023-10-03,SAR,6,1,5,6,ITG,ITG2,20,Sardegna
2023-10-06,SAR,50,24,26,50,ITG,ITG2,20,Sardegna
2023-10-09,SAR,66,32,34,66,ITG,ITG2,20,Sardegna
2023-10-16,SAR,125,63,62,125,ITG,ITG2,20,Sardegna
2023-10-19,SAR,119,71,48,119,ITG,ITG2,20,Sardegna
2023-10-25,SAR,213,105,108,213,ITG,ITG2,20,Sardegna
2023-11-07,SAR,168,94,74,168,ITG,ITG2,20,Sardegna
2023-11-10,SAR,273,149,124,273,ITG,ITG2,20,Sardegna
2023-10-18,SIC,20,14,6,20,ITG,ITG1,19,Sicilia
2023-10-21,SIC,18,12,6,18,ITG,ITG1,19,Sicilia
2023-10-14,LOM,7,3,4,7,ITC,ITC4,3,Lombardia
2023-10-17,LOM,4954,2579,2375,4954,ITC,ITC4,3,Lombardia
2023-10-20,LOM,5837,2882,2955,5837,ITC,ITC4,3,Lombardia
2023-10-27,LOM,9038,4300,4738,9038,ITC,ITC4,3,Lombardia
2023-10-30,LOM,8221,3937,4284,8221,ITC,ITC4,3,Lombardia
2023-11-02,LOM,9377,4503,4874,9377,ITC,ITC4,3,Lombardia
2023-11-05,LOM,788,382,406,788,ITC,ITC4,3,Lombardia
2023-11-12,LOM,1026,488,538,1026,ITC,ITC4,3,Lombardia
2023-09-27,MAR,2,1,1,2,ITI,ITI3,11,Marche
2023-10-10,MAR,5,3,2,5,ITI,ITI3,11,Marche
2023-10-13,MAR,102,55,47,102,ITI,ITI3,11,Marche
2023-10-16,MAR,147,83,64,147,ITI,ITI3,11,Marche
2023-10-23,MAR,368,182,186,368,ITI,ITI3,11,Marche
2023-10-26,MAR,188,86,102,188,ITI,ITI3,11,Marche
2023-10-29,MAR,27,15,12,27,ITI,ITI3,11,Marche
2023-11-01,MAR,34,12,22,34,ITI,ITI3,11,Marche
2023-11-08,MAR,92,34,58,92,ITI,ITI3,11,Marche
2023-11-11,MAR,371,189,182,371,ITI,ITI3,11,Marche
2023-10-20,MOL,35,13,22,35,ITF,ITF2,14,Molise
2023-10-23,MOL,37,14,23,37,ITF,ITF2,14,Molise
2023-10-30,MOL,25,12,13,25,ITF,ITF2,14,Molise
2023-11-02,MOL,32,16,16,32,ITF,ITF2,14,Molise
2023-11-08,MOL,88,54,34,88,ITF,ITF2,14,Molise
2023-10-09,PAB,81,40,41,81,ITH,ITH1,4,Provincia Autonoma Bolzano / Bozen
2023-10-12,PAB,570,295,275,570,ITH,ITH1,4,Provincia Autonoma Bolzano / Bozen
2023-10-15,PAB,8,4,4,8,ITH,ITH1,4,Provincia Autonoma Bolzano / Bozen
2023-10-22,PAB,9,4,5,9,ITH,ITH1,4,Provincia Autonoma Bolzano / Bozen
2023-10-25,PAB,611,299,312,611,ITH,ITH1,4,Provincia Autonoma Bolzano / Bozen
2023-10-28,PAB,2,1,1,2,ITH,ITH1,4,Provincia Autonoma Bolzano / Bozen
2023-11-07,PAB,505,264,241,505,ITH,ITH1,4,Provincia Autonoma Bolzano / Bozen
2023-11-10,PAB,247,120,127,247,ITH,ITH1,4,Provincia Autonoma Bolzano / Bozen
2023-11-13,PAB,131,59,72,131,ITH,ITH1,4,Provincia Autonoma Bolzano / Bozen
2023-10-04,PAT,11,7,4,11,ITH,ITH2,4,Provincia Autonoma Trento
2023-10-17,PAT,212,69,143,212,ITH,ITH2,4,Provincia Autonoma Trento
2023-10-20,PAT,344,159,185,344,ITH,ITH2,4,Provincia Autonoma Trento
2023-10-23,PAT,144,75,69,144,ITH,ITH2,4,Provincia Autonoma Trento
2023-10-30,PAT,337,172,165,337,ITH,ITH2,4,Provincia Autonoma Trento
2023-11-02,PAT,517,261,256,517,ITH,ITH2,4,Provincia Autonoma Trento
2023-09-26,PIE,1,1,0,1,ITC,ITC1,1,Piemonte
2023-10-03,PIE,6,4,2,6,ITC,ITC1,1,Piemonte
2023-10-06,PIE,31,18,13,31,ITC,ITC1,1,Piemonte
2023-10-09,PIE,85,35,50,85,ITC,ITC1,1,Piemonte
2023-10-12,PIE,147,78,69,147,ITC,ITC1,1,Piemonte
2023-10-19,PIE,550,279,271,550,ITC,ITC1,1,Piemonte
2023-10-22,PIE,8,3,5,8,ITC,ITC1,1,Piemonte
2023-10-25,PIE,1732,798,934,1732,ITC,ITC1,1,Piemonte
2023-11-01,PIE,147,73,74,147,ITC,ITC1,1,Piemonte
2023-11-04,PIE,1380,676,704,1380,ITC,ITC1,1,Piemonte
2023-11-07,PIE,2530,1186,1344,2530,ITC,ITC1,1,Piemonte
2023-11-10,PIE,3129,1535,1594,3129,ITC,ITC1,1,Piemonte
2023-09-28,PUG,1,0,1,1,ITF,ITF4,16,Puglia
2023-10-11,PUG,217,111,106,217,ITF,ITF4,16,Puglia
2023-10-14,PUG,11,4,7,11,ITF,ITF4,16,Puglia
2023-10-17,PUG,262,148,114,262,ITF,ITF4,16,Puglia
2023-10-20,PUG,742,387,355,742,ITF,ITF4,16,Puglia
2023-10-27,PUG,1052,553,499,1052,ITF,ITF4,16,Puglia
2023-10-30,PUG,869,433,436,869,ITF,ITF4,16,Puglia
2023-11-02,PUG,1244,637,607,1244,ITF,ITF4,16,Puglia
2023-11-05,PUG,22,13,9,22,ITF,ITF4,16,Puglia
2023-11-12,PUG,48,29,19,48,ITF,ITF4,16,Puglia
2023-09-29,SAR,1,1,0,1,ITG,ITG2,20,Sardegna
2023-10-05,SAR,42,23,19,42,ITG,ITG2,20,Sardegna
2023-10-12,SAR,48,27,21,48,ITG,ITG2,20,Sardegna
2023-10-18,SAR,167,86,81,167,ITG,ITG2,20,Sardegna
2023-10-31,SAR,183,81,102,183,ITG,ITG2,20,Sardegna
2023-11-03,SAR,217,112,105,217,ITG,ITG2,20,Sardegna
2023-11-06,SAR,313,148,165,313,ITG,ITG2,20,Sardegna
2023-11-03,LOM,8962,4254,4708,8962,ITC,ITC4,3,Lombardia
2023-11-06,LOM,4217,1993,2224,4217,ITC,ITC4,3,Lombardia
2023-11-09,LOM,10008,4706,5302,10008,ITC,ITC4,3,Lombardia
2023-09-28,MAR,1,0,1,1,ITI,ITI3,11,Marche
2023-10-01,MAR,1,1,0,1,ITI,ITI3,11,Marche
2023-10-11,MAR,7,3,4,7,ITI,ITI3,11,Marche
2023-10-14,MAR,11,6,5,11,ITI,ITI3,11,Marche
2023-10-17,MAR,244,114,130,244,ITI,ITI3,11,Marche
2023-10-20,MAR,509,267,242,509,ITI,ITI3,11,Marche
2023-10-27,MAR,955,491,464,955,ITI,ITI3,11,Marche
2023-10-30,MAR,425,206,219,425,ITI,ITI3,11,Marche
2023-11-02,MAR,643,317,326,643,ITI,ITI3,11,Marche
2023-11-05,MAR,28,11,17,28,ITI,ITI3,11,Marche
2023-11-12,MAR,90,45,45,90,ITI,ITI3,11,Marche
2023-10-11,MOL,6,5,1,6,ITF,ITF2,14,Molise
2023-10-18,MOL,27,14,13,27,ITF,ITF2,14,Molise
2023-10-24,MOL,36,12,24,36,ITF,ITF2,14,Molise
2023-10-27,MOL,3,2,1,3,ITF,ITF2,14,Molise
2023-11-06,MOL,86,46,40,86,ITF,ITF2,14,Molise
2023-11-09,MOL,78,25,53,78,ITF,ITF2,14,Molise
2023-11-12,MOL,16,10,6,16,ITF,ITF2,14,Molise
2023-10-11,PAB,478,259,219,478,ITH,ITH1,4,Provincia Autonoma Bolzano / Bozen
2023-10-18,PAB,659,318,341,659,ITH,ITH1,4,Provincia Autonoma Bolzano / Bozen
2023-10-21,PAB,3,0,3,3,ITH,ITH1,4,Provincia Autonoma Bolzano / Bozen
2023-10-24,PAB,655,318,337,655,ITH,ITH1,4,Provincia Autonoma Bolzano / Bozen
2023-10-27,PAB,367,177,190,367,ITH,ITH1,4,Provincia Autonoma Bolzano / Bozen
2023-10-31,PAB,529,248,281,529,ITH,ITH1,4,Provincia Autonoma Bolzano / Bozen
2023-11-03,PAB,309,145,164,309,ITH,ITH1,4,Provincia Autonoma Bolzano / Bozen
2023-11-06,PAB,156,74,82,156,ITH,ITH1,4,Provincia Autonoma Bolzano / Bozen
2023-11-09,PAB,526,248,278,526,ITH,ITH1,4,Provincia Autonoma Bolzano / Bozen
2023-10-13,PAT,54,24,30,54,ITH,ITH2,4,Provincia Autonoma Trento
2023-10-16,PAT,226,76,150,226,ITH,ITH2,4,Provincia Autonoma Trento
2023-10-19,PAT,313,144,169,313,ITH,ITH2,4,Provincia Autonoma Trento
2023-10-26,PAT,607,293,314,607,ITH,ITH2,4,Provincia Autonoma Trento
2023-10-29,PAT,1,0,1,1,ITH,ITH2,4,Provincia Autonoma Trento
2023-11-08,PAT,616,277,339,616,ITH,ITH2,4,Provincia Autonoma Trento
2023-11-11,PAT,17,8,9,17,ITH,ITH2,4,Provincia Autonoma Trento
2023-09-27,PIE,5,3,2,5,ITC,ITC1,1,Piemonte
2023-10-07,PIE,48,25,23,48,ITC,ITC1,1,Piemonte
2023-10-10,PIE,95,51,44,95,ITC,ITC1,1,Piemonte
2023-10-13,PIE,205,114,91,205,ITC,ITC1,1,Piemonte
2023-10-16,PIE,191,111,80,191,ITC,ITC1,1,Piemonte
2023-10-20,PIE,831,421,410,831,ITC,ITC1,1,Piemonte
2023-10-23,PIE,774,377,397,774,ITC,ITC1,1,Piemonte
2023-10-26,PIE,1443,725,718,1443,ITC,ITC1,1,Piemonte
2023-10-29,PIE,22,10,12,22,ITC,ITC1,1,Piemonte
2023-11-05,PIE,68,26,42,68,ITC,ITC1,1,Piemonte
2023-11-08,PIE,3038,1490,1548,3038,ITC,ITC1,1,Piemonte
2023-11-11,PIE,1763,870,893,1763,ITC,ITC1,1,Piemonte
2023-10-10,PUG,82,33,49,82,ITF,ITF4,16,Puglia
2023-10-13,PUG,204,111,93,204,ITF,ITF4,16,Puglia
2023-10-16,PUG,282,145,137,282,ITF,ITF4,16,Puglia
2023-10-23,PUG,844,419,425,844,ITF,ITF4,16,Puglia
2023-10-26,PUG,1307,642,665,1307,ITF,ITF4,16,Puglia
2023-10-29,PUG,62,39,23,62,ITF,ITF4,16,Puglia
2023-11-01,PUG,34,15,19,34,ITF,ITF4,16,Puglia
2023-11-08,PUG,1483,751,732,1483,ITF,ITF4,16,Puglia
2023-11-11,PUG,385,206,179,385,ITF,ITF4,16,Puglia
2023-10-11,SAR,89,42,47,89,ITG,ITG2,20,Sardegna
2023-10-17,SAR,129,64,65,129,ITG,ITG2,20,Sardegna
2023-10-24,SAR,191,84,107,191,ITG,ITG2,20,Sardegna
2023-10-27,SAR,175,81,94,175,ITG,ITG2,20,Sardegna
2023-10-30,SAR,169,94,75,169,ITG,ITG2,20,Sardegna
2023-11-02,SAR,171,93,78,171,ITG,ITG2,20,Sardegna
2023-11-09,SAR,303,160,143,303,ITG,ITG2,20,Sardegna
2023-10-16,SIC,6,3,3,6,ITG,ITG1,19,Sicilia
2023-10-19,SIC,31,20,11,31,ITG,ITG1,19,Sicilia
2023-10-28,LOM,5709,2813,2896,5709,ITC,ITC4,3,Lombardia
2023-11-04,LOM,5600,2690,2910,5600,ITC,ITC4,3,Lombardia
2023-11-07,LOM,10243,4753,5490,10243,ITC,ITC4,3,Lombardia
2023-11-10,LOM,9663,4500,5163,9663,ITC,ITC4,3,Lombardia
2023-11-13,LOM,8381,3939,4442,8381,ITC,ITC4,3,Lombardia
2023-09-25,MAR,1,1,0,1,ITI,ITI3,11,Marche
2023-09-29,MAR,1,1,0,1,ITI,ITI3,11,Marche
2023-10-15,MAR,1,1,0,1,ITI,ITI3,11,Marche
2023-10-18,MAR,365,203,162,365,ITI,ITI3,11,Marche
2023-10-21,MAR,314,141,173,314,ITI,ITI3,11,Marche
2023-10-24,MAR,573,300,273,573,ITI,ITI3,11,Marche
2023-10-31,MAR,621,307,314,621,ITI,ITI3,11,Marche
2023-11-03,MAR,857,440,417,857,ITI,ITI3,11,Marche
2023-11-06,MAR,416,211,205,416,ITI,ITI3,11,Marche
2023-11-09,MAR,1119,531,588,1119,ITI,ITI3,11,Marche
2023-11-13,MAR,442,212,230,442,ITI,ITI3,11,Marche
2023-10-09,MOL,10,6,4,10,ITF,ITF2,14,Molise
2023-10-25,MOL,74,40,34,74,ITF,ITF2,14,Molise
2023-10-28,MOL,42,12,30,42,ITF,ITF2,14,Molise
2023-10-31,MOL,33,13,20,33,ITF,ITF2,14,Molise
2023-11-07,MOL,73,41,32,73,ITF,ITF2,14,Molise
2023-11-10,MOL,60,31,29,60,ITF,ITF2,14,Molise
2023-11-13,MOL,66,43,23,66,ITF,ITF2,14,Molise
2023-10-14,PAB,21,7,14,21,ITH,ITH1,4,Provincia Autonoma Bolzano / Bozen
2023-10-17,PAB,500,254,246,500,ITH,ITH1,4,Provincia Autonoma Bolzano / Bozen
2023-10-20,PAB,287,148,139,287,ITH,ITH1,4,Provincia Autonoma Bolzano / Bozen
2023-10-23,PAB,201,94,107,201,ITH,ITH1,4,Provincia Autonoma Bolzano / Bozen
2023-10-30,PAB,183,83,100,183,ITH,ITH1,4,Provincia Autonoma Bolzano / Bozen
2023-11-02,PAB,300,138,162,300,ITH,ITH1,4,Provincia Autonoma Bolzano / Bozen
2023-11-05,PAB,7,2,5,7,ITH,ITH1,4,Provincia Autonoma Bolzano / Bozen
2023-11-12,PAB,2,2,0,2,ITH,ITH1,4,Provincia Autonoma Bolzano / Bozen
2023-10-22,PAT,1,0,1,1,ITH,ITH2,4,Provincia Autonoma Trento
2023-10-25,PAT,411,191,220,411,ITH,ITH2,4,Provincia Autonoma Trento
2023-10-28,PAT,47,16,31,47,ITH,ITH2,4,Provincia Autonoma Trento
2023-10-31,PAT,451,245,206,451,ITH,ITH2,4,Provincia Autonoma Trento
2023-11-07,PAT,562,285,277,562,ITH,ITH2,4,Provincia Autonoma Trento
2023-11-10,PAT,572,258,314,572,ITH,ITH2,4,Provincia Autonoma Trento
2023-11-13,PAT,442,225,217,442,ITH,ITH2,4,Provincia Autonoma Trento
2023-09-25,PIE,6,3,3,6,ITC,ITC1,1,Piemonte
2023-09-28,PIE,25,15,10,25,ITC,ITC1,1,Piemonte
2023-10-04,PIE,23,16,7,23,ITC,ITC1,1,Piemonte
2023-10-11,PIE,137,69,68,137,ITC,ITC1,1,Piemonte
2023-10-14,PIE,43,20,23,43,ITC,ITC1,1,Piemonte
2023-10-17,PIE,411,205,206,411,ITC,ITC1,1,Piemonte
2023-10-24,PIE,1272,627,645,1272,ITC,ITC1,1,Piemonte
2023-10-27,PIE,2146,1044,1102,2146,ITC,ITC1,1,Piemonte
2023-10-30,PIE,1128,559,569,1128,ITC,ITC1,1,Piemonte
2023-11-02,PIE,1623,787,836,1623,ITC,ITC1,1,Piemonte
2023-11-09,PIE,2824,1368,1456,2824,ITC,ITC1,1,Piemonte
2023-11-12,PIE,54,26,28,54,ITC,ITC1,1,Piemonte
2023-09-29,PUG,3,2,1,3,ITF,ITF4,16,Puglia
2023-10-03,PUG,10,7,3,10,ITF,ITF4,16,Puglia
2023-10-06,PUG,13,8,5,13,ITF,ITF4,16,Puglia
2023-10-09,PUG,14,7,7,14,ITF,ITF4,16,Puglia
2023-10-12,PUG,86,62,24,86,ITF,ITF4,16,Puglia
2023-10-19,PUG,454,241,213,454,ITF,ITF4,16,Puglia
2023-10-22,PUG,23,9,14,23,ITF,ITF4,16,Puglia
2023-10-25,PUG,1021,518,503,1021,ITF,ITF4,16,Puglia
2023-10-28,PUG,369,197,172,369,ITF,ITF4,16,Puglia
2023-11-04,PUG,319,158,161,319,ITF,ITF4,16,Puglia
2023-11-07,PUG,1156,568,588,1156,ITF,ITF4,16,Puglia
2023-11-10,PUG,1711,897,814,1711,ITF,ITF4,16,Puglia
2023-11-13,PUG,557,266,291,557,ITF,ITF4,16,Puglia
2023-09-27,SAR,5,3,2,5,ITG,ITG2,20,Sardegna
2023-10-04,SAR,24,10,14,24,ITG,ITG2,20,Sardegna
2023-10-10,SAR,54,32,22,54,ITG,ITG2,20,Sardegna
2023-10-13,SAR,111,56,55,111,ITG,ITG2,20,Sardegna
2023-10-24,SIC,70,40,30,70,ITG,ITG1,19,Sicilia
2023-10-27,SIC,47,26,21,47,ITG,ITG1,19,Sicilia
2023-11-03,SIC,47,23,24,47,ITG,ITG1,19,Sicilia
2023-11-06,SIC,42,20,22,42,ITG,ITG1,19,Sicilia
2023-11-09,SIC,69,36,33,69,ITG,ITG1,19,Sicilia
2023-09-27,TOS,5,2,3,5,ITI,ITI1,9,Toscana
2023-09-30,TOS,2,2,0,2,ITI,ITI1,9,Toscana
2023-10-07,TOS,242,137,105,242,ITI,ITI1,9,Toscana
2023-10-10,TOS,307,150,157,307,ITI,ITI1,9,Toscana
2023-10-13,TOS,693,347,346,693,ITI,ITI1,9,Toscana
2023-10-16,TOS,735,315,420,735,ITI,ITI1,9,Toscana
2023-10-23,TOS,2224,1043,1181,2224,ITI,ITI1,9,Toscana
2023-10-26,TOS,4651,2170,2481,4651,ITI,ITI1,9,Toscana
2023-10-29,TOS,31,13,18,31,ITI,ITI1,9,Toscana
2023-11-01,TOS,126,51,75,126,ITI,ITI1,9,Toscana
2023-11-08,TOS,6415,2917,3498,6415,ITI,ITI1,9,Toscana
2023-11-11,TOS,2397,1098,1299,2397,ITI,ITI1,9,Toscana
2023-10-29,UMB,2,1,1,2,ITI,ITI2,10,Umbria
2023-11-01,UMB,13,6,7,13,ITI,ITI2,10,Umbria
2023-11-04,UMB,25,6,19,25,ITI,ITI2,10,Umbria
2023-11-07,UMB,28,16,12,28,ITI,ITI2,10,Umbria
2023-10-13,VDA,75,35,40,75,ITC,ITC2,2,Valle d'Aosta / Vallée d'Aoste
2023-10-16,VDA,115,58,57,115,ITC,ITC2,2,Valle d'Aosta / Vallée d'Aoste
2023-10-23,VDA,156,77,79,156,ITC,ITC2,2,Valle d'Aosta / Vallée d'Aoste
2023-10-26,VDA,135,67,68,135,ITC,ITC2,2,Valle d'Aosta / Vallée d'Aoste
2023-11-01,VDA,1,0,1,1,ITC,ITC2,2,Valle d'Aosta / Vallée d'Aoste
2023-11-08,VDA,233,112,121,233,ITC,ITC2,2,Valle d'Aosta / Vallée d'Aoste
2023-11-11,VDA,81,33,48,81,ITC,ITC2,2,Valle d'Aosta / Vallée d'Aoste
2023-09-28,VEN,1,1,0,1,ITH,ITH3,5,Veneto
2023-10-11,VEN,1,0,1,1,ITH,ITH3,5,Veneto
2023-10-17,VEN,157,60,97,157,ITH,ITH3,5,Veneto
2023-10-24,VEN,586,219,367,586,ITH,ITH3,5,Veneto
2023-10-27,VEN,1650,769,881,1650,ITH,ITH3,5,Veneto
2023-10-30,VEN,1184,527,657,1184,ITH,ITH3,5,Veneto
2023-11-02,VEN,1609,726,883,1609,ITH,ITH3,5,Veneto
2023-11-09,VEN,1857,884,973,1857,ITH,ITH3,5,Veneto
2023-11-12,VEN,9,5,4,9,ITH,ITH3,5,Veneto
2023-10-26,SIC,44,22,22,44,ITG,ITG1,19,Sicilia
2023-11-04,SIC,8,5,3,8,ITG,ITG1,19,Sicilia
2023-11-08,SIC,26,15,11,26,ITG,ITG1,19,Sicilia
2023-11-11,SIC,29,16,13,29,ITG,ITG1,19,Sicilia
2023-09-25,TOS,6,5,1,6,ITI,ITI1,9,Toscana
2023-09-29,TOS,3,0,3,3,ITI,ITI1,9,Toscana
2023-10-02,TOS,286,162,124,286,ITI,ITI1,9,Toscana
2023-10-05,TOS,442,227,215,442,ITI,ITI1,9,Toscana
2023-10-18,TOS,1086,525,561,1086,ITI,ITI1,9,Toscana
2023-10-21,TOS,867,438,429,867,ITI,ITI1,9,Toscana
2023-10-24,TOS,2476,1140,1336,2476,ITI,ITI1,9,Toscana
2023-10-31,TOS,2425,1089,1336,2425,ITI,ITI1,9,Toscana
2023-11-03,TOS,5847,2763,3084,5847,ITI,ITI1,9,Toscana
2023-11-06,TOS,3856,1867,1989,3856,ITI,ITI1,9,Toscana
2023-11-09,TOS,7905,3744,4161,7905,ITI,ITI1,9,Toscana
2023-10-14,UMB,6,3,3,6,ITI,ITI2,10,Umbria
2023-10-21,UMB,24,13,11,24,ITI,ITI2,10,Umbria
2023-10-27,UMB,397,196,201,397,ITI,ITI2,10,Umbria
2023-10-30,UMB,350,178,172,350,ITI,ITI2,10,Umbria
2023-11-06,UMB,48,27,21,48,ITI,ITI2,10,Umbria
2023-11-09,UMB,73,38,35,73,ITI,ITI2,10,Umbria
2023-10-18,VDA,152,71,81,152,ITC,ITC2,2,Valle d'Aosta / Vallée d'Aoste
2023-10-21,VDA,5,2,3,5,ITC,ITC2,2,Valle d'Aosta / Vallée d'Aoste
2023-10-24,VDA,190,92,98,190,ITC,ITC2,2,Valle d'Aosta / Vallée d'Aoste
2023-10-31,VDA,172,81,91,172,ITC,ITC2,2,Valle d'Aosta / Vallée d'Aoste
2023-11-03,VDA,196,90,106,196,ITC,ITC2,2,Valle d'Aosta / Vallée d'Aoste
2023-11-06,VDA,90,50,40,90,ITC,ITC2,2,Valle d'Aosta / Vallée d'Aoste
2023-11-09,VDA,159,75,84,159,ITC,ITC2,2,Valle d'Aosta / Vallée d'Aoste
2023-10-06,VEN,11,6,5,11,ITH,ITH3,5,Veneto
2023-10-16,VEN,152,72,80,152,ITH,ITH3,5,Veneto
2023-10-19,VEN,201,82,119,201,ITH,ITH3,5,Veneto
2023-10-22,VEN,6,4,2,6,ITH,ITH3,5,Veneto
2023-10-25,VEN,917,313,604,917,ITH,ITH3,5,Veneto
2023-11-01,VEN,2,1,1,2,ITH,ITH3,5,Veneto
2023-11-04,VEN,1184,589,595,1184,ITH,ITH3,5,Veneto
2023-11-07,VEN,1689,760,929,1689,ITH,ITH3,5,Veneto
2023-10-20,SAR,120,59,61,120,ITG,ITG2,20,Sardegna
2023-10-23,SAR,128,69,59,128,ITG,ITG2,20,Sardegna
2023-10-26,SAR,205,101,104,205,ITG,ITG2,20,Sardegna
2023-11-08,SAR,292,155,137,292,ITG,ITG2,20,Sardegna
2023-10-17,SIC,16,9,7,16,ITG,ITG1,19,Sicilia
2023-10-20,SIC,25,16,9,25,ITG,ITG1,19,Sicilia
2023-10-23,SIC,26,14,12,26,ITG,ITG1,19,Sicilia
2023-10-30,SIC,27,17,10,27,ITG,ITG1,19,Sicilia
2023-11-02,SIC,52,28,24,52,ITG,ITG1,19,Sicilia
2023-10-03,TOS,138,67,71,138,ITI,ITI1,9,Toscana
2023-10-06,TOS,228,103,125,228,ITI,ITI1,9,Toscana
2023-10-09,TOS,490,257,233,490,ITI,ITI1,9,Toscana
2023-10-12,TOS,810,363,447,810,ITI,ITI1,9,Toscana
2023-10-19,TOS,2365,1120,1245,2365,ITI,ITI1,9,Toscana
2023-10-22,TOS,19,7,12,19,ITI,ITI1,9,Toscana
2023-10-25,TOS,3548,1704,1844,3548,ITI,ITI1,9,Toscana
2023-10-28,TOS,1246,643,603,1246,ITI,ITI1,9,Toscana
2023-11-04,TOS,1924,924,1000,1924,ITI,ITI1,9,Toscana
2023-11-07,TOS,5127,2400,2727,5127,ITI,ITI1,9,Toscana
2023-11-10,TOS,6425,3042,3383,6425,ITI,ITI1,9,Toscana
2023-11-13,TOS,3289,1550,1739,3289,ITI,ITI1,9,Toscana
2023-10-12,UMB,6,3,3,6,ITI,ITI2,10,Umbria
2023-10-18,UMB,18,9,9,18,ITI,ITI2,10,Umbria
2023-10-25,UMB,39,34,5,39,ITI,ITI2,10,Umbria
2023-10-28,UMB,85,29,56,85,ITI,ITI2,10,Umbria
2023-10-31,UMB,281,130,151,281,ITI,ITI2,10,Umbria
2023-11-03,UMB,52,31,21,52,ITI,ITI2,10,Umbria
2023-11-10,UMB,102,49,53,102,ITI,ITI2,10,Umbria
2023-11-13,UMB,33,15,18,33,ITI,ITI2,10,Umbria
2023-09-29,VDA,6,2,4,6,ITC,ITC2,2,Valle d'Aosta / Vallée d'Aoste
2023-10-06,VDA,18,10,8,18,ITC,ITC2,2,Valle d'Aosta / Vallée d'Aoste
2023-10-12,VDA,13,6,7,13,ITC,ITC2,2,Valle d'Aosta / Vallée d'Aoste
2023-10-19,VDA,147,77,70,147,ITC,ITC2,2,Valle d'Aosta / Vallée d'Aoste
2023-10-25,VDA,342,154,188,342,ITC,ITC2,2,Valle d'Aosta / Vallée d'Aoste
2023-10-28,VDA,87,43,44,87,ITC,ITC2,2,Valle d'Aosta / Vallée d'Aoste
2023-11-04,VDA,109,57,52,109,ITC,ITC2,2,Valle d'Aosta / Vallée d'Aoste
2023-11-07,VDA,127,58,69,127,ITC,ITC2,2,Valle d'Aosta / Vallée d'Aoste
2023-11-10,VDA,160,73,87,160,ITC,ITC2,2,Valle d'Aosta / Vallée d'Aoste
2023-11-13,VDA,51,24,27,51,ITC,ITC2,2,Valle d'Aosta / Vallée d'Aoste
2023-09-26,VEN,72,22,50,72,ITH,ITH3,5,Veneto
2023-09-29,VEN,18,10,8,18,ITH,ITH3,5,Veneto
2023-10-02,VEN,3,3,0,3,ITH,ITH3,5,Veneto
2023-10-05,VEN,7,1,6,7,ITH,ITH3,5,Veneto
2023-10-12,VEN,1,1,0,1,ITH,ITH3,5,Veneto
2023-10-18,VEN,236,63,173,236,ITH,ITH3,5,Veneto
2023-10-21,VEN,49,21,28,49,ITH,ITH3,5,Veneto
2023-10-28,VEN,673,329,344,673,ITH,ITH3,5,Veneto
2023-10-31,VEN,1385,605,780,1385,ITH,ITH3,5,Veneto
2023-11-03,VEN,1182,564,618,1182,ITH,ITH3,5,Veneto
2023-11-06,VEN,1350,633,717,1350,ITH,ITH3,5,Veneto
2023-11-10,VEN,2268,1116,1152,2268,ITH,ITH3,5,Veneto
2023-11-13,VEN,1183,602,581,1183,ITH,ITH3,5,Veneto
2023-11-13,SAR,354,183,171,354,ITG,ITG2,20,Sardegna
2023-10-22,SIC,2,1,1,2,ITG,ITG1,19,Sicilia
2023-10-25,SIC,35,21,14,35,ITG,ITG1,19,Sicilia
2023-10-28,SIC,7,1,6,7,ITG,ITG1,19,Sicilia
2023-10-31,SIC,68,41,27,68,ITG,ITG1,19,Sicilia
2023-11-07,SIC,73,42,31,73,ITG,ITG1,19,Sicilia
2023-11-10,SIC,28,15,13,28,ITG,ITG1,19,Sicilia
2023-09-28,TOS,1,0,1,1,ITI,ITI1,9,Toscana
2023-10-04,TOS,276,153,123,276,ITI,ITI1,9,Toscana
2023-10-11,TOS,598,290,308,598,ITI,ITI1,9,Toscana
2023-10-14,TOS,358,182,176,358,ITI,ITI1,9,Toscana
2023-10-17,TOS,653,295,358,653,ITI,ITI1,9,Toscana
2023-10-20,TOS,2188,1063,1125,2188,ITI,ITI1,9,Toscana
2023-10-27,TOS,4104,1931,2173,4104,ITI,ITI1,9,Toscana
2023-10-30,TOS,2481,1170,1311,2481,ITI,ITI1,9,Toscana
2023-11-02,TOS,3763,1832,1931,3763,ITI,ITI1,9,Toscana
2023-11-05,TOS,155,85,70,155,ITI,ITI1,9,Toscana
2023-11-12,TOS,173,81,92,173,ITI,ITI1,9,Toscana
2023-10-04,UMB,18,10,8,18,ITI,ITI2,10,Umbria
2023-10-26,UMB,115,56,59,115,ITI,ITI2,10,Umbria
2023-11-02,UMB,347,183,164,347,ITI,ITI2,10,Umbria
2023-11-08,UMB,33,16,17,33,ITI,ITI2,10,Umbria
2023-10-17,VDA,75,35,40,75,ITC,ITC2,2,Valle d'Aosta / Vallée d'Aoste
2023-10-20,VDA,142,67,75,142,ITC,ITC2,2,Valle d'Aosta / Vallée d'Aoste
2023-10-27,VDA,236,103,133,236,ITC,ITC2,2,Valle d'Aosta / Vallée d'Aoste
2023-10-30,VDA,128,64,64,128,ITC,ITC2,2,Valle d'Aosta / Vallée d'Aoste
2023-11-02,VDA,165,76,89,165,ITC,ITC2,2,Valle d'Aosta / Vallée d'Aoste
2023-11-05,VDA,7,2,5,7,ITC,ITC2,2,Valle d'Aosta / Vallée d'Aoste
2023-09-27,VEN,34,12,22,34,ITH,ITH3,5,Veneto
2023-10-07,VEN,1,0,1,1,ITH,ITH3,5,Veneto
2023-10-10,VEN,5,1,4,5,ITH,ITH3,5,Veneto
2023-10-13,VEN,98,29,69,98,ITH,ITH3,5,Veneto
2023-10-20,VEN,463,226,237,463,ITH,ITH3,5,Veneto
2023-10-23,VEN,324,140,184,324,ITH,ITH3,5,Veneto
2023-10-26,VEN,952,437,515,952,ITH,ITH3,5,Veneto
2023-10-29,VEN,35,19,16,35,ITH,ITH3,5,Veneto
2023-11-05,VEN,49,30,19,49,ITH,ITH3,5,Veneto
2023-11-08,VEN,1848,895,953,1848,ITH,ITH3,5,Veneto
2023-11-11,VEN,1498,761,737,1498,ITH,ITH3,5,Veneto
