data,area,totale,m,f,d,N1,N2,ISTAT,reg
2023-10-12,CAL,12,5,7,12,ITF,ITF6,18,Calabria
2023-10-19,CAL,23,12,11,23,ITF,ITF6,18,Calabria
2023-10-25,CAL,24,14,10,24,ITF,ITF6,18,Calabria
2023-10-28,CAL,12,7,5,12,ITF,ITF6,18,Calabria
2023-11-04,CAL,40,21,19,40,ITF,ITF6,18,Calabria
2023-11-07,CAL,109,65,44,109,ITF,ITF6,18,Calabria
2023-11-10,CAL,64,30,34,64,ITF,ITF6,18,Calabria
2023-09-29,CAM,11,6,5,11,ITF,ITF3,15,Campania
2023-10-02,CAM,4,3,1,4,ITF,ITF3,15,Campania
2023-10-05,CAM,40,24,16,40,ITF,ITF3,15,Campania
2023-10-12,CAM,232,130,102,232,ITF,ITF3,15,Campania
2023-10-15,CAM,12,5,7,12,ITF,ITF3,15,Campania
2023-10-18,CAM,340,194,146,340,ITF,ITF3,15,Campania
2023-10-21,CAM,44,24,20,44,ITF,ITF3,15,Campania
2023-10-28,CAM,77,42,35,77,ITF,ITF3,15,Campania
2023-10-31,CAM,123,56,67,123,ITF,ITF3,15,Campania
2023-11-03,CAM,346,198,148,346,ITF,ITF3,15,Campania
2023-11-10,CAM,324,184,140,324,ITF,ITF3,15,Campania
2023-11-13,CAM,330,175,155,330,ITF,ITF3,15,Campania
2023-11-16,CAM,482,258,224,482,ITF,ITF3,15,Campania
2023-09-26,EMR,2,2,0,2,ITH,ITH5,8,Emilia-Romagna
2023-10-02,EMR,1,0,1,1,ITH,ITH5,8,Emilia-Romagna
2023-10-12,EMR,71,34,37,71,ITH,ITH5,8,Emilia-Romagna
2023-10-18,EMR,1886,906,980,1886,ITH,ITH5,8,Emilia-Romagna
2023-10-25,EMR,4637,2186,2451,4637,ITH,ITH5,8,Emilia-Romagna
2023-10-28,EMR,1990,959,1031,1990,ITH,ITH5,8,Emilia-Romagna
2023-10-31,EMR,4684,2183,2501,4684,ITH,ITH5,8,Emilia-Romagna
2023-11-07,EMR,6408,2972,3436,6408,ITH,ITH5,8,Emilia-Romagna
2023-11-10,EMR,7634,3755,3879,7634,ITH,ITH5,8,Emilia-Romagna
2023-11-13,EMR,3467,1668,1799,3467,ITH,ITH5,8,Emilia-Romagna
2023-11-16,EMR,5062,2403,2659,5062,ITH,ITH5,8,Emilia-Romagna
2023-10-02,FVG,30,18,12,30,ITH,ITH4,6,Friuli-Venezia Giulia
2023-10-05,FVG,29,11,18,29,ITH,ITH4,6,Friuli-Venezia Giulia
2023-10-12,FVG,53,33,20,53,ITH,ITH4,6,Friuli-Venezia Giulia
2023-10-18,FVG,140,77,63,140,ITH,ITH4,6,Friuli-Venezia Giulia
2023-10-21,FVG,100,43,57,100,ITH,ITH4,6,Friuli-Venezia Giulia
2023-10-28,FVG,453,242,211,453,ITH,ITH4,6,Friuli-Venezia Giulia
2023-10-31,FVG,1064,503,561,1064,ITH,ITH4,6,Friuli-Venezia Giulia
2023-11-03,FVG,668,344,324,668,ITH,ITH4,6,Friuli-Venezia Giulia
2023-11-06,FVG,930,410,520,930,ITH,ITH4,6,Friuli-Venezia Giulia
2023-11-13,FVG,765,380,385,765,ITH,ITH4,6,Friuli-Venezia Giulia
2023-11-16,FVG,820,412,408,820,ITH,ITH4,6,Friuli-Venezia Giulia
2023-10-05,LAZ,47,24,23,47,ITI,ITI4,12,Lazio
2023-10-11,LAZ,153,88,65,153,ITI,ITI4,12,Lazio
2023-10-14,LAZ,13,8,5,13,ITI,ITI4,12,Lazio
2023-10-21,LAZ,442,217,225,442,ITI,ITI4,12,Lazio
2023-10-24,LAZ,972,501,471,972,ITI,ITI4,12,Lazio
2023-10-27,LAZ,1337,670,667,1337,ITI,ITI4,12,Lazio
2023-11-03,LAZ,1629,822,807,1629,ITI,ITI4,12,Lazio
2023-11-06,LAZ,1365,685,680,1365,ITI,ITI4,12,Lazio
2023-11-09,LAZ,1990,948,1042,1990,ITI,ITI4,12,Lazio
2023-11-12,LAZ,198,90,108,198,ITI,ITI4,12,Lazio
2023-10-05,LIG,61,18,43,61,ITC,ITC3,7,Liguria
2023-10-11,LIG,53,14,39,53,ITC,ITC3,7,Liguria
2023-10-24,LIG,872,351,521,872,ITC,ITC3,7,Liguria
2023-10-27,LIG,539,244,295,539,ITC,ITC3,7,Liguria
2023-10-30,LIG,381,201,180,381,ITC,ITC3,7,Liguria
2023-11-06,LIG,474,239,235,474,ITC,ITC3,7,Liguria
2023-11-09,LIG,1017,517,500,1017,ITC,ITC3,7,Liguria
2023-11-15,LIG,932,480,452,932,ITC,ITC3,7,Liguria
2023-10-01,LOM,2772,1464,1308,2772,ITC,ITC4,3,Lombardia
2023-10-04,LOM,287,138,149,287,ITC,ITC4,3,Lombardia
2023-10-11,LOM,451,173,278,451,ITC,ITC4,3,Lombardia
2023-10-14,LOM,7,3,4,7,ITC,ITC4,3,Lombardia
2023-10-17,LOM,4941,2571,2370,4941,ITC,ITC4,3,Lombardia
2023-10-20,LOM,5840,2885,2955,5840,ITC,ITC4,3,Lombardia
2023-10-27,LOM,9032,4292,4740,9032,ITC,ITC4,3,Lombardia
2023-11-07,BAS,18,13,5,18,ITF,ITF5,17,Basilicata
2023-10-18,CAL,12,9,3,12,ITF,ITF6,18,Calabria
2023-10-21,CAL,13,9,4,13,ITF,ITF6,18,Calabria
2023-10-24,CAL,45,28,17,45,ITF,ITF6,18,Calabria
2023-10-31,CAL,24,11,13,24,ITF,ITF6,18,Calabria
2023-11-03,CAL,40,21,19,40,ITF,ITF6,18,Calabria
2023-11-06,CAL,40,25,15,40,ITF,ITF6,18,Calabria
2023-11-13,CAL,92,48,44,92,ITF,ITF6,18,Calabria
2023-11-16,CAL,43,18,25,43,ITF,ITF6,18,Calabria
2023-10-03,CAM,29,18,11,29,ITF,ITF3,15,Campania
2023-10-06,CAM,28,15,13,28,ITF,ITF3,15,Campania
2023-10-09,CAM,59,36,23,59,ITF,ITF3,15,Campania
2023-10-16,CAM,166,95,71,166,ITF,ITF3,15,Campania
2023-10-19,CAM,298,169,129,298,ITF,ITF3,15,Campania
2023-10-22,CAM,3,1,2,3,ITF,ITF3,15,Campania
2023-10-25,CAM,301,178,123,301,ITF,ITF3,15,Campania
2023-11-01,CAM,21,10,11,21,ITF,ITF3,15,Campania
2023-11-04,CAM,89,50,39,89,ITF,ITF3,15,Campania
2023-11-07,CAM,329,194,135,329,ITF,ITF3,15,Campania
2023-11-14,CAM,464,280,184,464,ITF,ITF3,15,Campania
2023-09-27,EMR,1,1,0,1,ITH,ITH5,8,Emilia-Romagna
2023-10-13,EMR,96,36,60,96,ITH,ITH5,8,Emilia-Romagna
2023-10-16,EMR,837,359,478,837,ITH,ITH5,8,Emilia-Romagna
2023-10-19,EMR,2066,1022,1044,2066,ITH,ITH5,8,Emilia-Romagna
2023-10-22,EMR,108,52,56,108,ITH,ITH5,8,Emilia-Romagna
2023-10-26,EMR,4497,2140,2357,4497,ITH,ITH5,8,Emilia-Romagna
2023-10-29,EMR,335,170,165,335,ITH,ITH5,8,Emilia-Romagna
2023-11-01,EMR,250,96,154,250,ITH,ITH5,8,Emilia-Romagna
2023-11-04,EMR,3162,1545,1617,3162,ITH,ITH5,8,Emilia-Romagna
2023-11-11,EMR,3354,1617,1737,3354,ITH,ITH5,8,Emilia-Romagna
2023-11-14,EMR,5077,2436,2641,5077,ITH,ITH5,8,Emilia-Romagna
2023-10-11,FVG,72,36,36,72,ITH,ITH4,6,Friuli-Venezia Giulia
2023-10-17,FVG,396,203,193,396,ITH,ITH4,6,Friuli-Venezia Giulia
2023-10-24,FVG,663,341,322,663,ITH,ITH4,6,Friuli-Venezia Giulia
2023-10-27,FVG,911,455,456,911,ITH,ITH4,6,Friuli-Venezia Giulia
2023-10-30,FVG,531,273,258,531,ITH,ITH4,6,Friuli-Venezia Giulia
2023-11-02,FVG,689,347,342,689,ITH,ITH4,6,Friuli-Venezia Giulia
2023-11-09,FVG,1280,582,698,1280,ITH,ITH4,6,Friuli-Venezia Giulia
2023-11-12,FVG,12,4,8,12,ITH,ITH4,6,Friuli-Venezia Giulia
2023-11-15,FVG,990,469,521,990,ITH,ITH4,6,Friuli-Venezia Giulia
2023-10-02,LAZ,17,7,10,17,ITI,ITI4,12,Lazio
2023-10-09,LAZ,127,80,47,127,ITI,ITI4,12,Lazio
2023-10-12,LAZ,143,76,67,143,ITI,ITI4,12,Lazio
2023-10-15,LAZ,61,26,35,61,ITI,ITI4,12,Lazio
2023-10-18,LAZ,488,251,237,488,ITI,ITI4,12,Lazio
2023-10-25,LAZ,966,480,486,966,ITI,ITI4,12,Lazio
2023-10-28,LAZ,715,347,368,715,ITI,ITI4,12,Lazio
2023-10-31,LAZ,1396,694,702,1396,ITI,ITI4,12,Lazio
2023-11-07,LAZ,2000,971,1029,2000,ITI,ITI4,12,Lazio
2023-11-10,LAZ,2370,1130,1240,2370,ITI,ITI4,12,Lazio
2023-11-13,LAZ,1555,813,742,1555,ITI,ITI4,12,Lazio
2023-11-16,LAZ,1971,959,1012,1971,ITI,ITI4,12,Lazio
2023-10-04,LIG,12,4,8,12,ITC,ITC3,7,Liguria
2023-10-10,LIG,7,3,4,7,ITC,ITC3,7,Liguria
2023-10-17,LIG,350,149,201,350,ITC,ITC3,7,Liguria
2023-10-20,LIG,84,33,51,84,ITC,ITC3,7,Liguria
2023-10-23,LIG,290,145,145,290,ITC,ITC3,7,Liguria
2023-10-26,LIG,780,382,398,780,ITC,ITC3,7,Liguria
2023-11-02,LIG,779,389,390,779,ITC,ITC3,7,Liguria
2023-11-08,LIG,914,445,469,914,ITC,ITC3,7,Liguria
2023-11-11,LIG,158,69,89,158,ITC,ITC3,7,Liguria
2023-10-03,LOM,167,75,92,167,ITC,ITC4,3,Lombardia
2023-10-07,LOM,4,2,2,4,ITC,ITC4,3,Lombardia
2023-10-10,LOM,583,257,326,583,ITC,ITC4,3,Lombardia
2023-10-13,LOM,520,203,317,520,ITC,ITC4,3,Lombardia
2023-10-16,LOM,4569,2407,2162,4569,ITC,ITC4,3,Lombardia
2023-10-23,LOM,7469,3719,3750,7469,ITC,ITC4,3,Lombardia
2023-11-06,BAS,5,3,2,5,ITF,ITF5,17,Basilicata
2023-10-17,CAL,7,2,5,7,ITF,ITF6,18,Calabria
2023-10-20,CAL,6,4,2,6,ITF,ITF6,18,Calabria
2023-10-27,CAL,70,36,34,70,ITF,ITF6,18,Calabria
2023-10-30,CAL,59,30,29,59,ITF,ITF6,18,Calabria
2023-11-02,CAL,40,14,26,40,ITF,ITF6,18,Calabria
2023-11-09,CAL,118,63,55,118,ITF,ITF6,18,Calabria
2023-11-12,CAL,6,0,6,6,ITF,ITF6,18,Calabria
2023-11-15,CAL,175,108,67,175,ITF,ITF6,18,Calabria
2023-10-04,CAM,30,20,10,30,ITF,ITF3,15,Campania
2023-10-10,CAM,64,39,25,64,ITF,ITF3,15,Campania
2023-10-13,CAM,127,61,66,127,ITF,ITF3,15,Campania
2023-10-20,CAM,186,101,85,186,ITF,ITF3,15,Campania
2023-10-23,CAM,304,167,137,304,ITF,ITF3,15,Campania
2023-10-26,CAM,402,225,177,402,ITF,ITF3,15,Campania
2023-10-29,CAM,2,0,2,2,ITF,ITF3,15,Campania
2023-11-08,CAM,407,228,179,407,ITF,ITF3,15,Campania
2023-11-11,CAM,94,57,37,94,ITF,ITF3,15,Campania
2023-10-17,EMR,1299,625,674,1299,ITH,ITH5,8,Emilia-Romagna
2023-10-20,EMR,2416,1164,1252,2416,ITH,ITH5,8,Emilia-Romagna
2023-10-23,EMR,2438,1223,1215,2438,ITH,ITH5,8,Emilia-Romagna
2023-10-30,EMR,3352,1554,1798,3352,ITH,ITH5,8,Emilia-Romagna
2023-11-02,EMR,4135,1978,2157,4135,ITH,ITH5,8,Emilia-Romagna
2023-11-05,EMR,434,224,210,434,ITH,ITH5,8,Emilia-Romagna
2023-11-08,EMR,7278,3390,3888,7278,ITH,ITH5,8,Emilia-Romagna
2023-11-15,EMR,5706,2740,2966,5706,ITH,ITH5,8,Emilia-Romagna
2023-10-04,FVG,43,24,19,43,ITH,ITH4,6,Friuli-Venezia Giulia
2023-10-10,FVG,48,25,23,48,ITH,ITH4,6,Friuli-Venezia Giulia
2023-10-13,FVG,40,18,22,40,ITH,ITH4,6,Friuli-Venezia Giulia
2023-10-20,FVG,571,289,282,571,ITH,ITH4,6,Friuli-Venezia Giulia
2023-10-23,FVG,331,166,165,331,ITH,ITH4,6,Friuli-Venezia Giulia
2023-10-26,FVG,844,418,426,844,ITH,ITH4,6,Friuli-Venezia Giulia
2023-10-29,FVG,9,4,5,9,ITH,ITH4,6,Friuli-Venezia Giulia
2023-11-05,FVG,11,7,4,11,ITH,ITH4,6,Friuli-Venezia Giulia
2023-11-08,FVG,934,453,481,934,ITH,ITH4,6,Friuli-Venezia Giulia
2023-11-11,FVG,771,360,411,771,ITH,ITH4,6,Friuli-Venezia Giulia
2023-10-03,LAZ,56,28,28,56,ITI,ITI4,12,Lazio
2023-10-06,LAZ,69,40,29,69,ITI,ITI4,12,Lazio
2023-10-13,LAZ,248,119,129,248,ITI,ITI4,12,Lazio
2023-10-16,LAZ,329,165,164,329,ITI,ITI4,12,Lazio
2023-10-19,LAZ,357,167,190,357,ITI,ITI4,12,Lazio
2023-10-22,LAZ,42,21,21,42,ITI,ITI4,12,Lazio
2023-10-26,LAZ,830,406,424,830,ITI,ITI4,12,Lazio
2023-10-29,LAZ,26,11,15,26,ITI,ITI4,12,Lazio
2023-11-01,LAZ,25,11,14,25,ITI,ITI4,12,Lazio
2023-11-04,LAZ,722,369,353,722,ITI,ITI4,12,Lazio
2023-11-11,LAZ,750,365,385,750,ITI,ITI4,12,Lazio
2023-11-14,LAZ,1990,964,1026,1990,ITI,ITI4,12,Lazio
2023-10-03,LIG,30,14,16,30,ITC,ITC3,7,Liguria
2023-10-06,LIG,61,21,40,61,ITC,ITC3,7,Liguria
2023-10-13,LIG,56,18,38,56,ITC,ITC3,7,Liguria
2023-10-16,LIG,77,26,51,77,ITC,ITC3,7,Liguria
2023-10-19,LIG,171,81,90,171,ITC,ITC3,7,Liguria
2023-11-01,LIG,26,2,24,26,ITC,ITC3,7,Liguria
2023-11-04,LIG,127,60,67,127,ITC,ITC3,7,Liguria
2023-11-07,LIG,1550,799,751,1550,ITC,ITC3,7,Liguria
2023-11-14,LIG,1070,524,546,1070,ITC,ITC3,7,Liguria
2023-10-06,LOM,240,99,141,240,ITC,ITC4,3,Lombardia
2023-10-09,LOM,380,153,227,380,ITC,ITC4,3,Lombardia
2023-10-12,LOM,563,245,318,563,ITC,ITC4,3,Lombardia
2023-10-19,LOM,6035,2986,3049,6035,ITC,ITC4,3,Lombardia
2023-10-22,LOM,381,190,191,381,ITC,ITC4,3,Lombardia
2023-10-25,LOM,9564,4586,4978,9564,ITC,ITC4,3,Lombardia
2023-10-28,LOM,5697,2810,2887,5697,ITC,ITC4,3,Lombardia
2023-11-04,LOM,5582,2683,2899,5582,ITC,ITC4,3,Lombardia
2023-11-07,LOM,10282,4765,5517,10282,ITC,ITC4,3,Lombardia
2023-11-10,LOM,9713,4522,5191,9713,ITC,ITC4,3,Lombardia
2023-10-13,CAL,6,4,2,6,ITF,ITF6,18,Calabria
2023-10-16,CAL,17,11,6,17,ITF,ITF6,18,Calabria
2023-10-23,CAL,17,12,5,17,ITF,ITF6,18,Calabria
2023-10-26,CAL,15,7,8,15,ITF,ITF6,18,Calabria
2023-11-08,CAL,91,62,29,91,ITF,ITF6,18,Calabria
2023-11-11,CAL,44,21,23,44,ITF,ITF6,18,Calabria
2023-11-14,CAL,224,146,78,224,ITF,ITF6,18,Calabria
2023-10-11,CAM,174,95,79,174,ITF,ITF3,15,Campania
2023-10-14,CAM,41,15,26,41,ITF,ITF3,15,Campania
2023-10-17,CAM,313,180,133,313,ITF,ITF3,15,Campania
2023-10-24,CAM,353,199,154,353,ITF,ITF3,15,Campania
2023-10-27,CAM,278,148,130,278,ITF,ITF3,15,Campania
2023-10-30,CAM,364,212,152,364,ITF,ITF3,15,Campania
2023-11-02,CAM,283,143,140,283,ITF,ITF3,15,Campania
2023-11-06,CAM,335,195,140,335,ITF,ITF3,15,Campania
2023-11-09,CAM,408,228,180,408,ITF,ITF3,15,Campania
2023-11-12,CAM,4,3,1,4,ITF,ITF3,15,Campania
2023-11-15,CAM,426,243,183,426,ITF,ITF3,15,Campania
2023-10-05,EMR,1,0,1,1,ITH,ITH5,8,Emilia-Romagna
2023-10-11,EMR,40,14,26,40,ITH,ITH5,8,Emilia-Romagna
2023-10-14,EMR,11,3,8,11,ITH,ITH5,8,Emilia-Romagna
2023-10-21,EMR,1068,527,541,1068,ITH,ITH5,8,Emilia-Romagna
2023-10-24,EMR,3774,1786,1988,3774,ITH,ITH5,8,Emilia-Romagna
2023-10-27,EMR,5106,2449,2657,5106,ITH,ITH5,8,Emilia-Romagna
2023-11-03,EMR,5792,2755,3037,5792,ITH,ITH5,8,Emilia-Romagna
2023-11-06,EMR,4097,1891,2206,4097,ITH,ITH5,8,Emilia-Romagna
2023-11-09,EMR,7654,3722,3932,7654,ITH,ITH5,8,Emilia-Romagna
2023-11-12,EMR,831,399,432,831,ITH,ITH5,8,Emilia-Romagna
2023-10-03,FVG,6,2,4,6,ITH,ITH4,6,Friuli-Venezia Giulia
2023-10-06,FVG,151,81,70,151,ITH,ITH4,6,Friuli-Venezia Giulia
2023-10-09,FVG,48,26,22,48,ITH,ITH4,6,Friuli-Venezia Giulia
2023-10-16,FVG,121,64,57,121,ITH,ITH4,6,Friuli-Venezia Giulia
2023-10-19,FVG,306,147,159,306,ITH,ITH4,6,Friuli-Venezia Giulia
2023-10-25,FVG,675,327,348,675,ITH,ITH4,6,Friuli-Venezia Giulia
2023-11-01,FVG,25,10,15,25,ITH,ITH4,6,Friuli-Venezia Giulia
2023-11-04,FVG,157,75,82,157,ITH,ITH4,6,Friuli-Venezia Giulia
2023-11-07,FVG,1167,558,609,1167,ITH,ITH4,6,Friuli-Venezia Giulia
2023-11-10,FVG,1047,494,553,1047,ITH,ITH4,6,Friuli-Venezia Giulia
2023-11-14,FVG,1249,652,597,1249,ITH,ITH4,6,Friuli-Venezia Giulia
2023-10-04,LAZ,16,9,7,16,ITI,ITI4,12,Lazio
2023-10-10,LAZ,198,113,85,198,ITI,ITI4,12,Lazio
2023-10-17,LAZ,432,232,200,432,ITI,ITI4,12,Lazio
2023-10-20,LAZ,738,370,368,738,ITI,ITI4,12,Lazio
2023-10-23,LAZ,551,254,297,551,ITI,ITI4,12,Lazio
2023-10-30,LAZ,908,441,467,908,ITI,ITI4,12,Lazio
2023-11-02,LAZ,1209,564,645,1209,ITI,ITI4,12,Lazio
2023-11-05,LAZ,63,21,42,63,ITI,ITI4,12,Lazio
2023-11-08,LAZ,1946,931,1015,1946,ITI,ITI4,12,Lazio
2023-11-15,LAZ,1952,994,958,1952,ITI,ITI4,12,Lazio
2023-09-29,LIG,86,27,59,86,ITC,ITC3,7,Liguria
2023-10-09,LIG,32,10,22,32,ITC,ITC3,7,Liguria
2023-10-12,LIG,126,48,78,126,ITC,ITC3,7,Liguria
2023-10-18,LIG,224,89,135,224,ITC,ITC3,7,Liguria
2023-10-25,LIG,624,294,330,624,ITC,ITC3,7,Liguria
2023-10-28,LIG,102,40,62,102,ITC,ITC3,7,Liguria
2023-10-31,LIG,1034,470,564,1034,ITC,ITC3,7,Liguria
2023-11-03,LIG,656,338,318,656,ITC,ITC3,7,Liguria
2023-11-10,LIG,770,385,385,770,ITC,ITC3,7,Liguria
2023-11-13,LIG,361,179,182,361,ITC,ITC3,7,Liguria
2023-11-16,LIG,543,275,268,543,ITC,ITC3,7,Liguria
2023-10-02,LOM,145,63,82,145,ITC,ITC4,3,Lombardia
2023-10-05,LOM,362,191,171,362,ITC,ITC4,3,Lombardia
2023-10-15,LOM,3,2,1,3,ITC,ITC4,3,Lombardia
2023-10-18,LOM,5797,2918,2879,5797,ITC,ITC4,3,Lombardia
2023-10-21,LOM,3439,1732,1707,3439,ITC,ITC4,3,Lombardia
2023-10-24,LOM,8994,4425,4569,8994,ITC,ITC4,3,Lombardia
2023-10-31,LOM,4605,2102,2503,4605,ITC,ITC4,3,Lombardia
2023-11-03,LOM,8957,4246,4711,8957,ITC,ITC4,3,Lombardia
2023-11-06,LOM,4246,2005,2241,4246,ITC,ITC4,3,Lombardia
2023-11-09,LOM,10065,4740,5325,10065,ITC,ITC4,3,Lombardia
2023-11-16,LOM,9616,4532,5084,9616,ITC,ITC4,3,Lombardia
2023-10-01,MAR,1,1,0,1,ITI,ITI3,11,Marche
2023-10-11,MAR,4,2,2,4,ITI,ITI3,11,Marche
2023-10-14,MAR,49,21,28,49,ITI,ITI3,11,Marche
2023-10-17,MAR,241,112,129,241,ITI,ITI3,11,Marche
2023-10-20,MAR,514,268,246,514,ITI,ITI3,11,Marche
2023-10-27,MAR,926,486,440,926,ITI,ITI3,11,Marche
2023-10-30,MAR,417,202,215,417,ITI,ITI3,11,Marche
2023-11-02,MAR,634,311,323,634,ITI,ITI3,11,Marche
2023-11-05,MAR,28,11,17,28,ITI,ITI3,11,Marche
2023-11-12,MAR,79,41,38,79,ITI,ITI3,11,Marche
2023-11-15,MAR,693,346,347,693,ITI,ITI3,11,Marche
2023-10-11,MOL,6,5,1,6,ITF,ITF2,14,Molise
2023-10-18,MOL,27,14,13,27,ITF,ITF2,14,Molise
2023-10-24,MOL,36,12,24,36,ITF,ITF2,14,Molise
2023-10-27,MOL,3,2,1,3,ITF,ITF2,14,Molise
2023-11-06,MOL,86,46,40,86,ITF,ITF2,14,Molise
2023-11-09,MOL,78,25,53,78,ITF,ITF2,14,Molise
2023-11-12,MOL,16,10,6,16,ITF,ITF2,14,Molise
2023-10-11,PAB,474,257,217,474,ITH,ITH1,4,Provincia Autonoma Bolzano / Bozen
2023-10-18,PAB,625,301,324,625,ITH,ITH1,4,Provincia Autonoma Bolzano / Bozen
2023-10-21,PAB,3,0,3,3,ITH,ITH1,4,Provincia Autonoma Bolzano / Bozen
2023-10-24,PAB,677,333,344,677,ITH,ITH1,4,Provincia Autonoma Bolzano / Bozen
2023-10-27,PAB,350,171,179,350,ITH,ITH1,4,Provincia Autonoma Bolzano / Bozen
2023-10-31,PAB,532,250,282,532,ITH,ITH1,4,Provincia Autonoma Bolzano / Bozen
2023-11-03,PAB,299,139,160,299,ITH,ITH1,4,Provincia Autonoma Bolzano / Bozen
2023-11-06,PAB,156,74,82,156,ITH,ITH1,4,Provincia Autonoma Bolzano / Bozen
2023-11-09,PAB,518,245,273,518,ITH,ITH1,4,Provincia Autonoma Bolzano / Bozen
2023-11-16,PAB,541,254,287,541,ITH,ITH1,4,Provincia Autonoma Bolzano / Bozen
2023-10-13,PAT,54,24,30,54,ITH,ITH2,4,Provincia Autonoma Trento
2023-10-16,PAT,226,76,150,226,ITH,ITH2,4,Provincia Autonoma Trento
2023-10-19,PAT,318,146,172,318,ITH,ITH2,4,Provincia Autonoma Trento
2023-10-26,PAT,607,293,314,607,ITH,ITH2,4,Provincia Autonoma Trento
2023-10-29,PAT,1,0,1,1,ITH,ITH2,4,Provincia Autonoma Trento
2023-11-08,PAT,615,276,339,615,ITH,ITH2,4,Provincia Autonoma Trento
2023-11-11,PAT,17,8,9,17,ITH,ITH2,4,Provincia Autonoma Trento
2023-11-14,PAT,452,226,226,452,ITH,ITH2,4,Provincia Autonoma Trento
2023-10-07,PIE,47,24,23,47,ITC,ITC1,1,Piemonte
2023-10-10,PIE,95,51,44,95,ITC,ITC1,1,Piemonte
2023-10-13,PIE,202,112,90,202,ITC,ITC1,1,Piemonte
2023-10-16,PIE,189,110,79,189,ITC,ITC1,1,Piemonte
2023-10-20,PIE,830,420,410,830,ITC,ITC1,1,Piemonte
2023-10-23,PIE,774,377,397,774,ITC,ITC1,1,Piemonte
2023-10-26,PIE,1442,724,718,1442,ITC,ITC1,1,Piemonte
2023-10-29,PIE,22,10,12,22,ITC,ITC1,1,Piemonte
2023-11-05,PIE,68,26,42,68,ITC,ITC1,1,Piemonte
2023-11-08,PIE,3052,1497,1555,3052,ITC,ITC1,1,Piemonte
2023-11-11,PIE,1849,917,932,1849,ITC,ITC1,1,Piemonte
2023-11-14,PIE,2731,1278,1453,2731,ITC,ITC1,1,Piemonte
2023-10-10,PUG,82,33,49,82,ITF,ITF4,16,Puglia
2023-10-13,PUG,204,111,93,204,ITF,ITF4,16,Puglia
2023-10-16,PUG,282,145,137,282,ITF,ITF4,16,Puglia
2023-10-23,PUG,845,420,425,845,ITF,ITF4,16,Puglia
2023-10-26,PUG,1314,649,665,1314,ITF,ITF4,16,Puglia
2023-10-29,PUG,62,39,23,62,ITF,ITF4,16,Puglia
2023-11-01,PUG,34,15,19,34,ITF,ITF4,16,Puglia
2023-11-08,PUG,1577,790,787,1577,ITF,ITF4,16,Puglia
2023-11-11,PUG,399,212,187,399,ITF,ITF4,16,Puglia
2023-11-14,PUG,1678,863,815,1678,ITF,ITF4,16,Puglia
2023-10-11,SAR,89,42,47,89,ITG,ITG2,20,Sardegna
2023-10-17,SAR,129,64,65,129,ITG,ITG2,20,Sardegna
2023-10-24,SAR,191,84,107,191,ITG,ITG2,20,Sardegna
2023-10-27,SAR,175,81,94,175,ITG,ITG2,20,Sardegna
2023-10-30,SAR,169,94,75,169,ITG,ITG2,20,Sardegna
2023-11-13,LOM,8507,3994,4513,8507,ITC,ITC4,3,Lombardia
2023-10-15,MAR,1,1,0,1,ITI,ITI3,11,Marche
2023-10-18,MAR,365,203,162,365,ITI,ITI3,11,Marche
2023-10-21,MAR,268,117,151,268,ITI,ITI3,11,Marche
2023-10-24,MAR,582,302,280,582,ITI,ITI3,11,Marche
2023-10-31,MAR,617,302,315,617,ITI,ITI3,11,Marche
2023-11-03,MAR,855,442,413,855,ITI,ITI3,11,Marche
2023-11-06,MAR,415,210,205,415,ITI,ITI3,11,Marche
2023-11-09,MAR,1164,545,619,1164,ITI,ITI3,11,Marche
2023-11-13,MAR,470,226,244,470,ITI,ITI3,11,Marche
2023-11-16,MAR,804,402,402,804,ITI,ITI3,11,Marche
2023-10-09,MOL,10,6,4,10,ITF,ITF2,14,Molise
2023-10-25,MOL,74,40,34,74,ITF,ITF2,14,Molise
2023-10-28,MOL,42,12,30,42,ITF,ITF2,14,Molise
2023-10-31,MOL,33,13,20,33,ITF,ITF2,14,Molise
2023-11-07,MOL,73,41,32,73,ITF,ITF2,14,Molise
2023-11-10,MOL,60,31,29,60,ITF,ITF2,14,Molise
2023-11-13,MOL,76,48,28,76,ITF,ITF2,14,Molise
2023-11-16,MOL,111,50,61,111,ITF,ITF2,14,Molise
2023-10-14,PAB,21,7,14,21,ITH,ITH1,4,Provincia Autonoma Bolzano / Bozen
2023-10-17,PAB,494,251,243,494,ITH,ITH1,4,Provincia Autonoma Bolzano / Bozen
2023-10-20,PAB,282,147,135,282,ITH,ITH1,4,Provincia Autonoma Bolzano / Bozen
2023-10-23,PAB,216,99,117,216,ITH,ITH1,4,Provincia Autonoma Bolzano / Bozen
2023-10-30,PAB,180,80,100,180,ITH,ITH1,4,Provincia Autonoma Bolzano / Bozen
2023-11-02,PAB,297,137,160,297,ITH,ITH1,4,Provincia Autonoma Bolzano / Bozen
2023-11-05,PAB,6,2,4,6,ITH,ITH1,4,Provincia Autonoma Bolzano / Bozen
2023-11-12,PAB,2,2,0,2,ITH,ITH1,4,Provincia Autonoma Bolzano / Bozen
2023-11-15,PAB,466,235,231,466,ITH,ITH1,4,Provincia Autonoma Bolzano / Bozen
2023-10-22,PAT,1,0,1,1,ITH,ITH2,4,Provincia Autonoma Trento
2023-10-25,PAT,417,195,222,417,ITH,ITH2,4,Provincia Autonoma Trento
2023-10-28,PAT,47,16,31,47,ITH,ITH2,4,Provincia Autonoma Trento
2023-10-31,PAT,448,243,205,448,ITH,ITH2,4,Provincia Autonoma Trento
2023-11-07,PAT,562,285,277,562,ITH,ITH2,4,Provincia Autonoma Trento
2023-11-10,PAT,572,258,314,572,ITH,ITH2,4,Provincia Autonoma Trento
2023-11-13,PAT,461,230,231,461,ITH,ITH2,4,Provincia Autonoma Trento
2023-10-04,PIE,20,14,6,20,ITC,ITC1,1,Piemonte
2023-10-11,PIE,135,69,66,135,ITC,ITC1,1,Piemonte
2023-10-14,PIE,43,20,23,43,ITC,ITC1,1,Piemonte
2023-10-17,PIE,411,205,206,411,ITC,ITC1,1,Piemonte
2023-10-24,PIE,1274,625,649,1274,ITC,ITC1,1,Piemonte
2023-10-27,PIE,2150,1043,1107,2150,ITC,ITC1,1,Piemonte
2023-10-30,PIE,1128,559,569,1128,ITC,ITC1,1,Piemonte
2023-11-02,PIE,1534,745,789,1534,ITC,ITC1,1,Piemonte
2023-11-09,PIE,2851,1383,1468,2851,ITC,ITC1,1,Piemonte
2023-11-12,PIE,54,26,28,54,ITC,ITC1,1,Piemonte
2023-11-15,PIE,2687,1247,1440,2687,ITC,ITC1,1,Piemonte
2023-10-03,PUG,10,7,3,10,ITF,ITF4,16,Puglia
2023-10-06,PUG,13,8,5,13,ITF,ITF4,16,Puglia
2023-10-09,PUG,14,7,7,14,ITF,ITF4,16,Puglia
2023-10-12,PUG,86,62,24,86,ITF,ITF4,16,Puglia
2023-10-19,PUG,468,251,217,468,ITF,ITF4,16,Puglia
2023-10-22,PUG,23,9,14,23,ITF,ITF4,16,Puglia
2023-10-25,PUG,1041,526,515,1041,ITF,ITF4,16,Puglia
2023-10-28,PUG,368,197,171,368,ITF,ITF4,16,Puglia
2023-11-04,PUG,314,157,157,314,ITF,ITF4,16,Puglia
2023-11-07,PUG,1173,579,594,1173,ITF,ITF4,16,Puglia
2023-11-10,PUG,1809,953,856,1809,ITF,ITF4,16,Puglia
2023-11-13,PUG,1129,555,574,1129,ITF,ITF4,16,Puglia
2023-10-04,SAR,24,10,14,24,ITG,ITG2,20,Sardegna
2023-10-10,SAR,54,32,22,54,ITG,ITG2,20,Sardegna
2023-10-13,SAR,111,56,55,111,ITG,ITG2,20,Sardegna
2023-10-20,SAR,120,59,61,120,ITG,ITG2,20,Sardegna
2023-10-23,SAR,128,69,59,128,ITG,ITG2,20,Sardegna
2023-10-26,SAR,205,101,104,205,ITG,ITG2,20,Sardegna
2023-11-08,SAR,292,155,137,292,ITG,ITG2,20,Sardegna
2023-11-14,SAR,514,267,247,514,ITG,ITG2,20,Sardegna
2023-10-17,SIC,16,9,7,16,ITG,ITG1,19,Sicilia
2023-10-26,LOM,9852,4691,5161,9852,ITC,ITC4,3,Lombardia
2023-10-29,LOM,636,314,322,636,ITC,ITC4,3,Lombardia
2023-11-01,LOM,1248,551,697,1248,ITC,ITC4,3,Lombardia
2023-11-08,LOM,11272,5171,6101,11272,ITC,ITC4,3,Lombardia
2023-11-11,LOM,5856,2801,3055,5856,ITC,ITC4,3,Lombardia
2023-11-14,LOM,10120,4621,5499,10120,ITC,ITC4,3,Lombardia
2023-10-09,MAR,6,1,5,6,ITI,ITI3,11,Marche
2023-10-12,MAR,29,15,14,29,ITI,ITI3,11,Marche
2023-10-19,MAR,364,173,191,364,ITI,ITI3,11,Marche
2023-10-22,MAR,55,30,25,55,ITI,ITI3,11,Marche
2023-10-25,MAR,545,272,273,545,ITI,ITI3,11,Marche
2023-10-28,MAR,751,385,366,751,ITI,ITI3,11,Marche
2023-11-04,MAR,400,187,213,400,ITI,ITI3,11,Marche
2023-11-07,MAR,795,382,413,795,ITI,ITI3,11,Marche
2023-11-10,MAR,976,500,476,976,ITI,ITI3,11,Marche
2023-10-13,MOL,9,7,2,9,ITF,ITF2,14,Molise
2023-10-19,MOL,55,18,37,55,ITF,ITF2,14,Molise
2023-10-26,MOL,9,4,5,9,ITF,ITF2,14,Molise
2023-11-11,MOL,38,5,33,38,ITF,ITF2,14,Molise
2023-11-14,MOL,31,19,12,31,ITF,ITF2,14,Molise
2023-10-10,PAB,438,248,190,438,ITH,ITH1,4,Provincia Autonoma Bolzano / Bozen
2023-10-13,PAB,232,121,111,232,ITH,ITH1,4,Provincia Autonoma Bolzano / Bozen
2023-10-16,PAB,150,72,78,150,ITH,ITH1,4,Provincia Autonoma Bolzano / Bozen
2023-10-19,PAB,782,385,397,782,ITH,ITH1,4,Provincia Autonoma Bolzano / Bozen
2023-10-26,PAB,772,387,385,772,ITH,ITH1,4,Provincia Autonoma Bolzano / Bozen
2023-10-29,PAB,1,0,1,1,ITH,ITH1,4,Provincia Autonoma Bolzano / Bozen
2023-11-08,PAB,511,272,239,511,ITH,ITH1,4,Provincia Autonoma Bolzano / Bozen
2023-11-11,PAB,36,17,19,36,ITH,ITH1,4,Provincia Autonoma Bolzano / Bozen
2023-11-14,PAB,524,257,267,524,ITH,ITH1,4,Provincia Autonoma Bolzano / Bozen
2023-10-18,PAT,245,129,116,245,ITH,ITH2,4,Provincia Autonoma Trento
2023-10-21,PAT,65,35,30,65,ITH,ITH2,4,Provincia Autonoma Trento
2023-10-24,PAT,593,268,325,593,ITH,ITH2,4,Provincia Autonoma Trento
2023-10-27,PAT,426,191,235,426,ITH,ITH2,4,Provincia Autonoma Trento
2023-11-03,PAT,357,173,184,357,ITH,ITH2,4,Provincia Autonoma Trento
2023-11-06,PAT,418,204,214,418,ITH,ITH2,4,Provincia Autonoma Trento
2023-11-09,PAT,752,396,356,752,ITH,ITH2,4,Provincia Autonoma Trento
2023-11-16,PAT,607,307,300,607,ITH,ITH2,4,Provincia Autonoma Trento
2023-10-05,PIE,14,9,5,14,ITC,ITC1,1,Piemonte
2023-10-18,PIE,419,219,200,419,ITC,ITC1,1,Piemonte
2023-10-21,PIE,339,180,159,339,ITC,ITC1,1,Piemonte
2023-10-28,PIE,879,440,439,879,ITC,ITC1,1,Piemonte
2023-10-31,PIE,1513,743,770,1513,ITC,ITC1,1,Piemonte
2023-11-03,PIE,2392,1197,1195,2392,ITC,ITC1,1,Piemonte
2023-11-06,PIE,1617,805,812,1617,ITC,ITC1,1,Piemonte
2023-11-13,PIE,1925,882,1043,1925,ITC,ITC1,1,Piemonte
2023-11-16,PIE,2489,1194,1295,2489,ITC,ITC1,1,Piemonte
2023-10-18,PUG,438,237,201,438,ITF,ITF4,16,Puglia
2023-10-21,PUG,213,96,117,213,ITF,ITF4,16,Puglia
2023-10-24,PUG,1071,568,503,1071,ITF,ITF4,16,Puglia
2023-10-31,PUG,836,430,406,836,ITF,ITF4,16,Puglia
2023-11-03,PUG,1581,819,762,1581,ITF,ITF4,16,Puglia
2023-11-06,PUG,1068,560,508,1068,ITF,ITF4,16,Puglia
2023-11-09,PUG,1470,776,694,1470,ITF,ITF4,16,Puglia
2023-11-16,PUG,773,396,377,773,ITF,ITF4,16,Puglia
2023-10-03,SAR,6,1,5,6,ITG,ITG2,20,Sardegna
2023-10-06,SAR,50,24,26,50,ITG,ITG2,20,Sardegna
2023-10-09,SAR,66,32,34,66,ITG,ITG2,20,Sardegna
2023-10-16,SAR,125,63,62,125,ITG,ITG2,20,Sardegna
2023-10-19,SAR,119,71,48,119,ITG,ITG2,20,Sardegna
2023-10-25,SAR,213,105,108,213,ITG,ITG2,20,Sardegna
2023-11-07,SAR,168,94,74,168,ITG,ITG2,20,Sardegna
2023-11-10,SAR,303,158,145,303,ITG,ITG2,20,Sardegna
2023-10-18,SIC,20,14,6,20,ITG,ITG1,19,Sicilia
2023-10-21,SIC,5,2,3,5,ITG,ITG1,19,Sicilia
2023-10-24,SIC,70,40,30,70,ITG,ITG1,19,Sicilia
2023-10-27,SIC,47,26,21,47,ITG,ITG1,19,Sicilia
2023-11-03,SIC,47,23,24,47,ITG,ITG1,19,Sicilia
2023-10-30,LOM,8214,3934,4280,8214,ITC,ITC4,3,Lombardia
2023-11-02,LOM,9405,4522,4883,9405,ITC,ITC4,3,Lombardia
2023-11-05,LOM,788,382,406,788,ITC,ITC4,3,Lombardia
2023-11-12,LOM,1020,485,535,1020,ITC,ITC4,3,Lombardia
2023-11-15,LOM,10107,4627,5480,10107,ITC,ITC4,3,Lombardia
2023-10-10,MAR,5,3,2,5,ITI,ITI3,11,Marche
2023-10-13,MAR,101,55,46,101,ITI,ITI3,11,Marche
2023-10-16,MAR,147,83,64,147,ITI,ITI3,11,Marche
2023-10-23,MAR,390,193,197,390,ITI,ITI3,11,Marche
2023-10-26,MAR,179,81,98,179,ITI,ITI3,11,Marche
2023-10-29,MAR,27,15,12,27,ITI,ITI3,11,Marche
2023-11-01,MAR,34,12,22,34,ITI,ITI3,11,Marche
2023-11-08,MAR,95,35,60,95,ITI,ITI3,11,Marche
2023-11-11,MAR,372,189,183,372,ITI,ITI3,11,Marche
2023-11-14,MAR,671,354,317,671,ITI,ITI3,11,Marche
2023-10-20,MOL,35,13,22,35,ITF,ITF2,14,Molise
2023-10-23,MOL,37,14,23,37,ITF,ITF2,14,Molise
2023-10-30,MOL,25,12,13,25,ITF,ITF2,14,Molise
2023-11-02,MOL,32,16,16,32,ITF,ITF2,14,Molise
2023-11-08,MOL,91,54,37,91,ITF,ITF2,14,Molise
2023-11-15,MOL,78,44,34,78,ITF,ITF2,14,Molise
2023-10-09,PAB,80,39,41,80,ITH,ITH1,4,Provincia Autonoma Bolzano / Bozen
2023-10-12,PAB,564,292,272,564,ITH,ITH1,4,Provincia Autonoma Bolzano / Bozen
2023-10-15,PAB,8,4,4,8,ITH,ITH1,4,Provincia Autonoma Bolzano / Bozen
2023-10-22,PAB,3,2,1,3,ITH,ITH1,4,Provincia Autonoma Bolzano / Bozen
2023-10-25,PAB,615,302,313,615,ITH,ITH1,4,Provincia Autonoma Bolzano / Bozen
2023-10-28,PAB,2,1,1,2,ITH,ITH1,4,Provincia Autonoma Bolzano / Bozen
2023-11-07,PAB,507,263,244,507,ITH,ITH1,4,Provincia Autonoma Bolzano / Bozen
2023-11-10,PAB,252,122,130,252,ITH,ITH1,4,Provincia Autonoma Bolzano / Bozen
2023-11-13,PAB,162,67,95,162,ITH,ITH1,4,Provincia Autonoma Bolzano / Bozen
2023-10-04,PAT,11,7,4,11,ITH,ITH2,4,Provincia Autonoma Trento
2023-10-17,PAT,212,69,143,212,ITH,ITH2,4,Provincia Autonoma Trento
2023-10-20,PAT,344,159,185,344,ITH,ITH2,4,Provincia Autonoma Trento
2023-10-23,PAT,144,75,69,144,ITH,ITH2,4,Provincia Autonoma Trento
2023-10-30,PAT,337,172,165,337,ITH,ITH2,4,Provincia Autonoma Trento
2023-11-02,PAT,514,259,255,514,ITH,ITH2,4,Provincia Autonoma Trento
2023-11-15,PAT,493,250,243,493,ITH,ITH2,4,Provincia Autonoma Trento
2023-10-06,PIE,31,18,13,31,ITC,ITC1,1,Piemonte
2023-10-09,PIE,85,35,50,85,ITC,ITC1,1,Piemonte
2023-10-12,PIE,105,50,55,105,ITC,ITC1,1,Piemonte
2023-10-19,PIE,549,279,270,549,ITC,ITC1,1,Piemonte
2023-10-22,PIE,8,3,5,8,ITC,ITC1,1,Piemonte
2023-10-25,PIE,1732,798,934,1732,ITC,ITC1,1,Piemonte
2023-11-01,PIE,148,74,74,148,ITC,ITC1,1,Piemonte
2023-11-04,PIE,1380,676,704,1380,ITC,ITC1,1,Piemonte
2023-11-07,PIE,2553,1196,1357,2553,ITC,ITC1,1,Piemonte
2023-11-10,PIE,3214,1579,1635,3214,ITC,ITC1,1,Piemonte
2023-10-11,PUG,217,111,106,217,ITF,ITF4,16,Puglia
2023-10-14,PUG,11,4,7,11,ITF,ITF4,16,Puglia
2023-10-17,PUG,262,148,114,262,ITF,ITF4,16,Puglia
2023-10-20,PUG,754,392,362,754,ITF,ITF4,16,Puglia
2023-10-27,PUG,1025,542,483,1025,ITF,ITF4,16,Puglia
2023-10-30,PUG,879,437,442,879,ITF,ITF4,16,Puglia
2023-11-02,PUG,1234,631,603,1234,ITF,ITF4,16,Puglia
2023-11-05,PUG,22,13,9,22,ITF,ITF4,16,Puglia
2023-11-12,PUG,51,30,21,51,ITF,ITF4,16,Puglia
2023-11-15,PUG,1769,866,903,1769,ITF,ITF4,16,Puglia
2023-09-29,SAR,1,1,0,1,ITG,ITG2,20,Sardegna
2023-10-05,SAR,42,23,19,42,ITG,ITG2,20,Sardegna
2023-10-12,SAR,48,27,21,48,ITG,ITG2,20,Sardegna
2023-10-18,SAR,167,86,81,167,ITG,ITG2,20,Sardegna
2023-10-31,SAR,183,81,102,183,ITG,ITG2,20,Sardegna
2023-11-03,SAR,217,112,105,217,ITG,ITG2,20,Sardegna
2023-11-06,SAR,313,148,165,313,ITG,ITG2,20,Sardegna
2023-11-13,SAR,354,183,171,354,ITG,ITG2,20,Sardegna
2023-11-16,SAR,444,217,227,444,ITG,ITG2,20,Sardegna
2023-10-22,SIC,2,1,1,2,ITG,ITG1,19,Sicilia
2023-10-25,SIC,35,21,14,35,ITG,ITG1,19,Sicilia
2023-10-28,SIC,7,1,6,7,ITG,ITG1,19,Sicilia
2023-10-31,SIC,68,41,27,68,ITG,ITG1,19,Sicilia
2023-11-07,SIC,73,42,31,73,ITG,ITG1,19,Sicilia
2023-11-10,SIC,28,15,13,28,ITG,ITG1,19,Sicilia
2023-09-28,TOS,1,0,1,1,ITI,ITI1,9,Toscana
2023-10-04,TOS,274,153,121,274,ITI,ITI1,9,Toscana
2023-10-11,TOS,598,290,308,598,ITI,ITI1,9,Toscana
2023-10-14,TOS,358,182,176,358,ITI,ITI1,9,Toscana
2023-10-17,TOS,652,295,357,652,ITI,ITI1,9,Toscana
2023-10-20,TOS,2170,1053,1117,2170,ITI,ITI1,9,Toscana
2023-10-27,TOS,4029,1907,2122,4029,ITI,ITI1,9,Toscana
2023-10-30,TOS,2462,1162,1300,2462,ITI,ITI1,9,Toscana
2023-11-02,TOS,3726,1818,1908,3726,ITI,ITI1,9,Toscana
2023-11-05,TOS,156,85,71,156,ITI,ITI1,9,Toscana
2023-11-12,TOS,188,87,101,188,ITI,ITI1,9,Toscana
2023-11-15,TOS,5558,2575,2983,5558,ITI,ITI1,9,Toscana
2023-10-26,UMB,119,56,63,119,ITI,ITI2,10,Umbria
2023-11-02,UMB,423,222,201,423,ITI,ITI2,10,Umbria
2023-11-05,UMB,137,72,65,137,ITI,ITI2,10,Umbria
2023-11-08,UMB,661,331,330,661,ITI,ITI2,10,Umbria
2023-11-15,UMB,818,416,402,818,ITI,ITI2,10,Umbria
2023-10-17,VDA,63,29,34,63,ITC,ITC2,2,Valle d'Aosta / Vallée d'Aoste
2023-10-20,VDA,141,67,74,141,ITC,ITC2,2,Valle d'Aosta / Vallée d'Aoste
2023-10-27,VDA,213,95,118,213,ITC,ITC2,2,Valle d'Aosta / Vallée d'Aoste
2023-10-30,VDA,102,55,47,102,ITC,ITC2,2,Valle d'Aosta / Vallée d'Aoste
2023-11-02,VDA,157,70,87,157,ITC,ITC2,2,Valle d'Aosta / Vallée d'Aoste
2023-11-05,VDA,7,2,5,7,ITC,ITC2,2,Valle d'Aosta / Vallée d'Aoste
2023-11-15,VDA,152,84,68,152,ITC,ITC2,2,Valle d'Aosta / Vallée d'Aoste
2023-10-13,VEN,98,29,69,98,ITH,ITH3,5,Veneto
2023-10-20,VEN,463,226,237,463,ITH,ITH3,5,Veneto
2023-10-23,VEN,324,140,184,324,ITH,ITH3,5,Veneto
2023-10-26,VEN,985,453,532,985,ITH,ITH3,5,Veneto
2023-10-29,VEN,35,19,16,35,ITH,ITH3,5,Veneto
2023-11-05,VEN,49,30,19,49,ITH,ITH3,5,Veneto
2023-11-08,VEN,1926,932,994,1926,ITH,ITH3,5,Veneto
2023-11-11,VEN,1533,782,751,1533,ITH,ITH3,5,Veneto
2023-10-20,SIC,25,16,9,25,ITG,ITG1,19,Sicilia
2023-10-23,SIC,26,14,12,26,ITG,ITG1,19,Sicilia
2023-10-30,SIC,27,17,10,27,ITG,ITG1,19,Sicilia
2023-11-02,SIC,52,28,24,52,ITG,ITG1,19,Sicilia
2023-10-03,TOS,132,64,68,132,ITI,ITI1,9,Toscana
2023-10-06,TOS,228,103,125,228,ITI,ITI1,9,Toscana
2023-10-09,TOS,490,257,233,490,ITI,ITI1,9,Toscana
2023-10-12,TOS,804,360,444,804,ITI,ITI1,9,Toscana
2023-10-19,TOS,2336,1112,1224,2336,ITI,ITI1,9,Toscana
2023-10-22,TOS,19,7,12,19,ITI,ITI1,9,Toscana
2023-10-25,TOS,3499,1681,1818,3499,ITI,ITI1,9,Toscana
2023-10-28,TOS,1244,642,602,1244,ITI,ITI1,9,Toscana
2023-11-04,TOS,1914,922,992,1914,ITI,ITI1,9,Toscana
2023-11-07,TOS,5131,2399,2732,5131,ITI,ITI1,9,Toscana
2023-11-10,TOS,6567,3105,3462,6567,ITI,ITI1,9,Toscana
2023-11-13,TOS,3772,1757,2015,3772,ITI,ITI1,9,Toscana
2023-10-12,UMB,6,3,3,6,ITI,ITI2,10,Umbria
2023-10-18,UMB,18,9,9,18,ITI,ITI2,10,Umbria
2023-10-25,UMB,39,34,5,39,ITI,ITI2,10,Umbria
2023-10-28,UMB,79,25,54,79,ITI,ITI2,10,Umbria
2023-10-31,UMB,282,136,146,282,ITI,ITI2,10,Umbria
2023-11-03,UMB,534,283,251,534,ITI,ITI2,10,Umbria
2023-11-10,UMB,659,313,346,659,ITI,ITI2,10,Umbria
2023-11-13,UMB,370,183,187,370,ITI,ITI2,10,Umbria
2023-11-16,UMB,609,295,314,609,ITI,ITI2,10,Umbria
2023-09-29,VDA,6,2,4,6,ITC,ITC2,2,Valle d'Aosta / Vallée d'Aoste
2023-10-06,VDA,18,10,8,18,ITC,ITC2,2,Valle d'Aosta / Vallée d'Aoste
2023-10-12,VDA,12,6,6,12,ITC,ITC2,2,Valle d'Aosta / Vallée d'Aoste
2023-10-19,VDA,113,59,54,113,ITC,ITC2,2,Valle d'Aosta / Vallée d'Aoste
2023-10-25,VDA,306,139,167,306,ITC,ITC2,2,Valle d'Aosta / Vallée d'Aoste
2023-10-28,VDA,86,42,44,86,ITC,ITC2,2,Valle d'Aosta / Vallée d'Aoste
2023-11-04,VDA,109,57,52,109,ITC,ITC2,2,Valle d'Aosta / Vallée d'Aoste
2023-11-07,VDA,100,45,55,100,ITC,ITC2,2,Valle d'Aosta / Vallée d'Aoste
2023-11-10,VDA,160,73,87,160,ITC,ITC2,2,Valle d'Aosta / Vallée d'Aoste
2023-11-13,VDA,51,24,27,51,ITC,ITC2,2,Valle d'Aosta / Vallée d'Aoste
2023-10-12,VEN,1,1,0,1,ITH,ITH3,5,Veneto
2023-10-18,VEN,236,63,173,236,ITH,ITH3,5,Veneto
2023-10-21,VEN,49,21,28,49,ITH,ITH3,5,Veneto
2023-10-28,VEN,721,350,371,721,ITH,ITH3,5,Veneto
2023-10-31,VEN,1412,606,806,1412,ITH,ITH3,5,Veneto
2023-11-03,VEN,1178,559,619,1178,ITH,ITH3,5,Veneto
2023-11-06,VEN,1350,633,717,1350,ITH,ITH3,5,Veneto
2023-11-10,VEN,2369,1155,1214,2369,ITH,ITH3,5,Veneto
2023-11-13,VEN,1386,666,720,1386,ITH,ITH3,5,Veneto
2023-11-16,VEN,2138,1067,1071,2138,ITH,ITH3,5,Veneto
2023-11-06,SIC,42,20,22,42,ITG,ITG1,19,Sicilia
2023-11-09,SIC,69,36,33,69,ITG,ITG1,19,Sicilia
2023-09-27,TOS,1,0,1,1,ITI,ITI1,9,Toscana
2023-09-30,TOS,2,2,0,2,ITI,ITI1,9,Toscana
2023-10-07,TOS,241,137,104,241,ITI,ITI1,9,Toscana
2023-10-10,TOS,307,150,157,307,ITI,ITI1,9,Toscana
2023-10-13,TOS,685,343,342,685,ITI,ITI1,9,Toscana
2023-10-16,TOS,730,315,415,730,ITI,ITI1,9,Toscana
2023-10-23,TOS,2211,1038,1173,2211,ITI,ITI1,9,Toscana
2023-10-26,TOS,4617,2154,2463,4617,ITI,ITI1,9,Toscana
2023-10-29,TOS,36,15,21,36,ITI,ITI1,9,Toscana
2023-11-01,TOS,126,51,75,126,ITI,ITI1,9,Toscana
2023-11-08,TOS,6387,2908,3479,6387,ITI,ITI1,9,Toscana
2023-11-11,TOS,2427,1112,1315,2427,ITI,ITI1,9,Toscana
2023-11-14,TOS,4364,1986,2378,4364,ITI,ITI1,9,Toscana
2023-10-29,UMB,3,1,2,3,ITI,ITI2,10,Umbria
2023-11-01,UMB,15,8,7,15,ITI,ITI2,10,Umbria
2023-11-04,UMB,175,82,93,175,ITI,ITI2,10,Umbria
2023-11-07,UMB,473,225,248,473,ITI,ITI2,10,Umbria
2023-11-11,UMB,339,152,187,339,ITI,ITI2,10,Umbria
2023-11-14,UMB,629,308,321,629,ITI,ITI2,10,Umbria
2023-10-13,VDA,77,35,42,77,ITC,ITC2,2,Valle d'Aosta / Vallée d'Aoste
2023-10-16,VDA,104,50,54,104,ITC,ITC2,2,Valle d'Aosta / Vallée d'Aoste
2023-10-23,VDA,135,63,72,135,ITC,ITC2,2,Valle d'Aosta / Vallée d'Aoste
2023-10-26,VDA,117,57,60,117,ITC,ITC2,2,Valle d'Aosta / Vallée d'Aoste
2023-11-01,VDA,1,0,1,1,ITC,ITC2,2,Valle d'Aosta / Vallée d'Aoste
2023-11-08,VDA,205,103,102,205,ITC,ITC2,2,Valle d'Aosta / Vallée d'Aoste
2023-11-11,VDA,81,33,48,81,ITC,ITC2,2,Valle d'Aosta / Vallée d'Aoste
2023-11-14,VDA,98,45,53,98,ITC,ITC2,2,Valle d'Aosta / Vallée d'Aoste
2023-10-11,VEN,1,0,1,1,ITH,ITH3,5,Veneto
2023-10-17,VEN,157,60,97,157,ITH,ITH3,5,Veneto
2023-10-24,VEN,626,243,383,626,ITH,ITH3,5,Veneto
2023-10-27,VEN,1655,769,886,1655,ITH,ITH3,5,Veneto
2023-10-30,VEN,1198,530,668,1198,ITH,ITH3,5,Veneto
2023-11-02,VEN,1639,741,898,1639,ITH,ITH3,5,Veneto
2023-11-09,VEN,1893,901,992,1893,ITH,ITH3,5,Veneto
2023-11-12,VEN,12,7,5,12,ITH,ITH3,5,Veneto
2023-11-15,VEN,2323,1101,1222,2323,ITH,ITH3,5,Veneto
2023-11-02,SAR,171,93,78,171,ITG,ITG2,20,Sardegna
2023-11-09,SAR,303,160,143,303,ITG,ITG2,20,Sardegna
2023-11-15,SAR,563,295,268,563,ITG,ITG2,20,Sardegna
2023-10-16,SIC,6,3,3,6,ITG,ITG1,19,Sicilia
2023-10-19,SIC,31,20,11,31,ITG,ITG1,19,Sicilia
2023-10-26,SIC,44,22,22,44,ITG,ITG1,19,Sicilia
2023-11-04,SIC,8,5,3,8,ITG,ITG1,19,Sicilia
2023-11-08,SIC,26,15,11,26,ITG,ITG1,19,Sicilia
2023-11-11,SIC,29,16,13,29,ITG,ITG1,19,Sicilia
2023-09-29,TOS,3,0,3,3,ITI,ITI1,9,Toscana
2023-10-02,TOS,286,162,124,286,ITI,ITI1,9,Toscana
2023-10-05,TOS,434,224,210,434,ITI,ITI1,9,Toscana
2023-10-15,TOS,6,5,1,6,ITI,ITI1,9,Toscana
2023-10-18,TOS,1082,523,559,1082,ITI,ITI1,9,Toscana
2023-10-21,TOS,864,437,427,864,ITI,ITI1,9,Toscana
2023-10-24,TOS,2448,1128,1320,2448,ITI,ITI1,9,Toscana
2023-10-31,TOS,2415,1084,1331,2415,ITI,ITI1,9,Toscana
2023-11-03,TOS,5839,2759,3080,5839,ITI,ITI1,9,Toscana
2023-11-06,TOS,3884,1878,2006,3884,ITI,ITI1,9,Toscana
2023-11-09,TOS,7995,3789,4206,7995,ITI,ITI1,9,Toscana
2023-11-16,TOS,7043,3250,3793,7043,ITI,ITI1,9,Toscana
2023-10-14,UMB,6,3,3,6,ITI,ITI2,10,Umbria
2023-10-21,UMB,24,13,11,24,ITI,ITI2,10,Umbria
2023-10-27,UMB,390,193,197,390,ITI,ITI2,10,Umbria
2023-10-30,UMB,315,156,159,315,ITI,ITI2,10,Umbria
2023-11-06,UMB,321,151,170,321,ITI,ITI2,10,Umbria
2023-11-09,UMB,672,317,355,672,ITI,ITI2,10,Umbria
2023-11-12,UMB,127,73,54,127,ITI,ITI2,10,Umbria
2023-10-18,VDA,145,69,76,145,ITC,ITC2,2,Valle d'Aosta / Vallée d'Aoste
2023-10-24,VDA,165,79,86,165,ITC,ITC2,2,Valle d'Aosta / Vallée d'Aoste
2023-10-31,VDA,152,75,77,152,ITC,ITC2,2,Valle d'Aosta / Vallée d'Aoste
2023-11-03,VDA,191,88,103,191,ITC,ITC2,2,Valle d'Aosta / Vallée d'Aoste
2023-11-06,VDA,84,47,37,84,ITC,ITC2,2,Valle d'Aosta / Vallée d'Aoste
2023-11-09,VDA,151,71,80,151,ITC,ITC2,2,Valle d'Aosta / Vallée d'Aoste
2023-11-16,VDA,109,53,56,109,ITC,ITC2,2,Valle d'Aosta / Vallée d'Aoste
2023-10-16,VEN,152,72,80,152,ITH,ITH3,5,Veneto
2023-10-19,VEN,201,82,119,201,ITH,ITH3,5,Veneto
2023-10-22,VEN,6,4,2,6,ITH,ITH3,5,Veneto
2023-10-25,VEN,914,313,601,914,ITH,ITH3,5,Veneto
2023-11-01,VEN,2,1,1,2,ITH,ITH3,5,Veneto
2023-11-04,VEN,1081,534,547,1081,ITH,ITH3,5,Veneto
2023-11-07,VEN,1669,752,917,1669,ITH,ITH3,5,Veneto
2023-11-14,VEN,1799,844,955,1799,ITH,ITH3,5,Veneto
